n_odds	isEulerian	listPairs	listPairsCombinationsBase	modifyGraph	hierholzer	total_time	total_distance	path
20	746	480932	202543298214	335081	293202682	202837317655	44	P: 0 20 22 23 21 20 21 5 0 1 2 6 5 6 7 12 13 18 19 17 15 14 16 17 16 18 13 11 9 14 9 8 10 11 10 12 7 4 2 4 3 8 3 1 0
20	1634	1266189	185815982763	147211	289872881	186107270678	44	P: 0 20 22 23 21 20 21 5 0 1 2 6 5 6 7 12 13 18 19 17 15 14 16 17 16 18 13 11 9 14 9 8 10 11 10 12 7 4 2 4 3 8 3 1 0
20	1907	1350840	197406402332	342793	304633312	197712731184	44	P: 0 20 22 23 21 20 21 5 0 1 2 6 5 6 7 12 13 18 19 17 15 14 16 17 16 18 13 11 9 14 9 8 10 11 10 12 7 4 2 4 3 8 3 1 0
20	2474	1853414	194321878935	558679	285842596	194610136098	44	P: 0 20 22 23 21 20 21 5 0 1 2 6 5 6 7 12 13 18 19 17 15 14 16 17 16 18 13 11 9 14 9 8 10 11 10 12 7 4 2 4 3 8 3 1 0
20	1922	1380336	185815634766	17630	282736929	186099771583	44	P: 0 20 22 23 21 20 21 5 0 1 2 6 5 6 7 12 13 18 19 17 15 14 16 17 16 18 13 11 9 14 9 8 10 11 10 12 7 4 2 4 3 8 3 1 0
20	1681	1255644	197423671107	322770	298600751	197723851953	44	P: 0 20 22 23 21 20 21 5 0 1 2 6 5 6 7 12 13 18 19 17 15 14 16 17 16 18 13 11 9 14 9 8 10 11 10 12 7 4 2 4 3 8 3 1 0
20	2032	1422957	192126313126	263906	289635756	192417637777	44	P: 0 20 22 23 21 20 21 5 0 1 2 6 5 6 7 12 13 18 19 17 15 14 16 17 16 18 13 11 9 14 9 8 10 11 10 12 7 4 2 4 3 8 3 1 0
20	1738	1259318	188271914863	584412	285796018	188559556349	44	P: 0 20 22 23 21 20 21 5 0 1 2 6 5 6 7 12 13 18 19 17 15 14 16 17 16 18 13 11 9 14 9 8 10 11 10 12 7 4 2 4 3 8 3 1 0
20	1893	1347485	185122299829	11812	295749004	185419410023	44	P: 0 20 22 23 21 20 21 5 0 1 2 6 5 6 7 12 13 18 19 17 15 14 16 17 16 18 13 11 9 14 9 8 10 11 10 12 7 4 2 4 3 8 3 1 0
20	1713	1263356	186135634970	199650	298170359	186435270048	44	P: 0 20 22 23 21 20 21 5 0 1 2 6 5 6 7 12 13 18 19 17 15 14 16 17 16 18 13 11 9 14 9 8 10 11 10 12 7 4 2 4 3 8 3 1 0
20	2480	1554639	188111394359	145869	283674239	188396771586	44	P: 0 20 22 23 21 20 21 5 0 1 2 6 5 6 7 12 13 18 19 17 15 14 16 17 16 18 13 11 9 14 9 8 10 11 10 12 7 4 2 4 3 8 3 1 0
20	1863	1344448	194095522322	389217	289032592	194386290442	44	P: 0 20 22 23 21 20 21 5 0 1 2 6 5 6 7 12 13 18 19 17 15 14 16 17 16 18 13 11 9 14 9 8 10 11 10 12 7 4 2 4 3 8 3 1 0
20	1853	1258728	198036036304	325875	305965622	198343588382	44	P: 0 20 22 23 21 20 21 5 0 1 2 6 5 6 7 12 13 18 19 17 15 14 16 17 16 18 13 11 9 14 9 8 10 11 10 12 7 4 2 4 3 8 3 1 0
20	1786	1441232	187656089469	103208	289960646	187947596341	44	P: 0 20 22 23 21 20 21 5 0 1 2 6 5 6 7 12 13 18 19 17 15 14 16 17 16 18 13 11 9 14 9 8 10 11 10 12 7 4 2 4 3 8 3 1 0
20	1816	1345916	185751969759	260095	298271129	186051848715	44	P: 0 20 22 23 21 20 21 5 0 1 2 6 5 6 7 12 13 18 19 17 15 14 16 17 16 18 13 11 9 14 9 8 10 11 10 12 7 4 2 4 3 8 3 1 0
20	1637	1265475	185139084778	9102	281486006	185421846998	44	P: 0 20 22 23 21 20 21 5 0 1 2 6 5 6 7 12 13 18 19 17 15 14 16 17 16 18 13 11 9 14 9 8 10 11 10 12 7 4 2 4 3 8 3 1 0
20	1370	1009378	196142695648	268444	284181891	196428156731	44	P: 0 20 22 23 21 20 21 5 0 1 2 6 5 6 7 12 13 18 19 17 15 14 16 17 16 18 13 11 9 14 9 8 10 11 10 12 7 4 2 4 3 8 3 1 0
20	1619	1351895	189642671960	326717	286854392	189931206583	44	P: 0 20 22 23 21 20 21 5 0 1 2 6 5 6 7 12 13 18 19 17 15 14 16 17 16 18 13 11 9 14 9 8 10 11 10 12 7 4 2 4 3 8 3 1 0
20	704	537827	201277732177	325634	285677454	201564273796	44	P: 0 20 22 23 21 20 21 5 0 1 2 6 5 6 7 12 13 18 19 17 15 14 16 17 16 18 13 11 9 14 9 8 10 11 10 12 7 4 2 4 3 8 3 1 0
20	1625	1262544	192227869282	426512	318140886	192547700849	44	P: 0 20 22 23 21 20 21 5 0 1 2 6 5 6 7 12 13 18 19 17 15 14 16 17 16 18 13 11 9 14 9 8 10 11 10 12 7 4 2 4 3 8 3 1 0
20	2406	1382060	193679516182	343457	296514963	193977759068	44	P: 0 20 22 23 21 20 21 5 0 1 2 6 5 6 7 12 13 18 19 17 15 14 16 17 16 18 13 11 9 14 9 8 10 11 10 12 7 4 2 4 3 8 3 1 0
20	1769	1342978	184730641190	463043	285313830	185017762810	44	P: 0 20 22 23 21 20 21 5 0 1 2 6 5 6 7 12 13 18 19 17 15 14 16 17 16 18 13 11 9 14 9 8 10 11 10 12 7 4 2 4 3 8 3 1 0
20	1894	1257797	189033671457	330159	284935425	189320196732	44	P: 0 20 22 23 21 20 21 5 0 1 2 6 5 6 7 12 13 18 19 17 15 14 16 17 16 18 13 11 9 14 9 8 10 11 10 12 7 4 2 4 3 8 3 1 0
20	1859	1385581	201202746688	265675	295437759	201499837562	44	P: 0 20 22 23 21 20 21 5 0 1 2 6 5 6 7 12 13 18 19 17 15 14 16 17 16 18 13 11 9 14 9 8 10 11 10 12 7 4 2 4 3 8 3 1 0
20	1814	1383310	194251893403	377662	285910825	194539567014	44	P: 0 20 22 23 21 20 21 5 0 1 2 6 5 6 7 12 13 18 19 17 15 14 16 17 16 18 13 11 9 14 9 8 10 11 10 12 7 4 2 4 3 8 3 1 0
20	1683	1250834	195292182714	392969	283838012	195577666212	44	P: 0 20 22 23 21 20 21 5 0 1 2 6 5 6 7 12 13 18 19 17 15 14 16 17 16 18 13 11 9 14 9 8 10 11 10 12 7 4 2 4 3 8 3 1 0
20	2481	1945049	193851919171	386814	287477591	194141731106	44	P: 0 20 22 23 21 20 21 5 0 1 2 6 5 6 7 12 13 18 19 17 15 14 16 17 16 18 13 11 9 14 9 8 10 11 10 12 7 4 2 4 3 8 3 1 0
20	1789	1263931	191102083401	269301	294910569	191398528991	44	P: 0 20 22 23 21 20 21 5 0 1 2 6 5 6 7 12 13 18 19 17 15 14 16 17 16 18 13 11 9 14 9 8 10 11 10 12 7 4 2 4 3 8 3 1 0
20	695	500817	194453464966	298901	283766114	194738031493	44	P: 0 20 22 23 21 20 21 5 0 1 2 6 5 6 7 12 13 18 19 17 15 14 16 17 16 18 13 11 9 14 9 8 10 11 10 12 7 4 2 4 3 8 3 1 0
20	1735	1358245	205955170880	345253	291440022	206248316135	44	P: 0 20 22 23 21 20 21 5 0 1 2 6 5 6 7 12 13 18 19 17 15 14 16 17 16 18 13 11 9 14 9 8 10 11 10 12 7 4 2 4 3 8 3 1 0
20	1772	1350794	191411532919	320572	292859934	191706065991	44	P: 0 20 22 23 21 20 21 5 0 1 2 6 5 6 7 12 13 18 19 17 15 14 16 17 16 18 13 11 9 14 9 8 10 11 10 12 7 4 2 4 3 8 3 1 0
20	1716	1284453	192347208844	341161	300554161	192649390335	44	P: 0 20 22 23 21 20 21 5 0 1 2 6 5 6 7 12 13 18 19 17 15 14 16 17 16 18 13 11 9 14 9 8 10 11 10 12 7 4 2 4 3 8 3 1 0
20	1688	1284440	189280390049	17177	283881612	189565574966	44	P: 0 20 22 23 21 20 21 5 0 1 2 6 5 6 7 12 13 18 19 17 15 14 16 17 16 18 13 11 9 14 9 8 10 11 10 12 7 4 2 4 3 8 3 1 0
20	1715	1278965	209800975876	343676	296458382	210099058614	44	P: 0 20 22 23 21 20 21 5 0 1 2 6 5 6 7 12 13 18 19 17 15 14 16 17 16 18 13 11 9 14 9 8 10 11 10 12 7 4 2 4 3 8 3 1 0
20	1864	1359288	188894477524	17484	292458035	189188314195	44	P: 0 20 22 23 21 20 21 5 0 1 2 6 5 6 7 12 13 18 19 17 15 14 16 17 16 18 13 11 9 14 9 8 10 11 10 12 7 4 2 4 3 8 3 1 0
20	2240	1680979	186062348535	328972	301155226	186365515952	44	P: 0 20 22 23 21 20 21 5 0 1 2 6 5 6 7 12 13 18 19 17 15 14 16 17 16 18 13 11 9 14 9 8 10 11 10 12 7 4 2 4 3 8 3 1 0
20	1755	1273210	191367337543	503728	293360779	191662477015	44	P: 0 20 22 23 21 20 21 5 0 1 2 6 5 6 7 12 13 18 19 17 15 14 16 17 16 18 13 11 9 14 9 8 10 11 10 12 7 4 2 4 3 8 3 1 0
20	1725	1307585	193293507968	330522	295145079	193590292879	44	P: 0 20 22 23 21 20 21 5 0 1 2 6 5 6 7 12 13 18 19 17 15 14 16 17 16 18 13 11 9 14 9 8 10 11 10 12 7 4 2 4 3 8 3 1 0
20	1688	1308266	185764258081	296184	306717167	186072581386	44	P: 0 20 22 23 21 20 21 5 0 1 2 6 5 6 7 12 13 18 19 17 15 14 16 17 16 18 13 11 9 14 9 8 10 11 10 12 7 4 2 4 3 8 3 1 0
20	1728	1304596	195169548259	398590	295815750	195467068923	44	P: 0 20 22 23 21 20 21 5 0 1 2 6 5 6 7 12 13 18 19 17 15 14 16 17 16 18 13 11 9 14 9 8 10 11 10 12 7 4 2 4 3 8 3 1 0
20	1646	1356208	186212326278	294208	288348334	186502326674	44	P: 0 20 22 23 21 20 21 5 0 1 2 6 5 6 7 12 13 18 19 17 15 14 16 17 16 18 13 11 9 14 9 8 10 11 10 12 7 4 2 4 3 8 3 1 0
20	1842	1352706	193434946402	330669	287605272	193724236891	44	P: 0 20 22 23 21 20 21 5 0 1 2 6 5 6 7 12 13 18 19 17 15 14 16 17 16 18 13 11 9 14 9 8 10 11 10 12 7 4 2 4 3 8 3 1 0
20	1668	1356944	186979415621	139094	297566751	187278480078	44	P: 0 20 22 23 21 20 21 5 0 1 2 6 5 6 7 12 13 18 19 17 15 14 16 17 16 18 13 11 9 14 9 8 10 11 10 12 7 4 2 4 3 8 3 1 0
20	2039	1272482	185758719798	19133	289609017	186049622469	44	P: 0 20 22 23 21 20 21 5 0 1 2 6 5 6 7 12 13 18 19 17 15 14 16 17 16 18 13 11 9 14 9 8 10 11 10 12 7 4 2 4 3 8 3 1 0
20	1524	1158370	187353431639	102713	283679494	187638373740	44	P: 0 20 22 23 21 20 21 5 0 1 2 6 5 6 7 12 13 18 19 17 15 14 16 17 16 18 13 11 9 14 9 8 10 11 10 12 7 4 2 4 3 8 3 1 0
20	682	529431	187053901768	291186	284521593	187339244660	44	P: 0 20 22 23 21 20 21 5 0 1 2 6 5 6 7 12 13 18 19 17 15 14 16 17 16 18 13 11 9 14 9 8 10 11 10 12 7 4 2 4 3 8 3 1 0
20	2540	1502065	184786187523	12590	290464491	185078169209	44	P: 0 20 22 23 21 20 21 5 0 1 2 6 5 6 7 12 13 18 19 17 15 14 16 17 16 18 13 11 9 14 9 8 10 11 10 12 7 4 2 4 3 8 3 1 0
20	1980	1559876	187552855241	300739	291639947	187846357783	44	P: 0 20 22 23 21 20 21 5 0 1 2 6 5 6 7 12 13 18 19 17 15 14 16 17 16 18 13 11 9 14 9 8 10 11 10 12 7 4 2 4 3 8 3 1 0
20	1852	1390197	186066249843	13169	283550630	186351205691	44	P: 0 20 22 23 21 20 21 5 0 1 2 6 5 6 7 12 13 18 19 17 15 14 16 17 16 18 13 11 9 14 9 8 10 11 10 12 7 4 2 4 3 8 3 1 0
20	1921	1342307	187884252219	14212	313550862	188199161521	44	P: 0 20 22 23 21 20 21 5 0 1 2 6 5 6 7 12 13 18 19 17 15 14 16 17 16 18 13 11 9 14 9 8 10 11 10 12 7 4 2 4 3 8 3 1 0
20	2105	1676970	196587270522	344395	289223606	196878517598	44	P: 0 20 22 23 21 20 21 5 0 1 2 6 5 6 7 12 13 18 19 17 15 14 16 17 16 18 13 11 9 14 9 8 10 11 10 12 7 4 2 4 3 8 3 1 0
20	1753	1383343	198820288790	388289	289105540	199111167715	44	P: 0 20 22 23 21 20 21 5 0 1 2 6 5 6 7 12 13 18 19 17 15 14 16 17 16 18 13 11 9 14 9 8 10 11 10 12 7 4 2 4 3 8 3 1 0
