n_odds	isEulerian	listPairs	time_tmp	time_for	listPairsCombinationsBase	modifyGraph	hierholzer	total_time	total_distance	path
16	659	295736	1217232972	13061549	1258480638	4201	13911	1258795145	37	P: 0 1 2 6 7 12 13 18 19 17 19 18 16 14 16 17 15 14 9 8 10 12 13 11 10 11 9 8 3 1 2 4 3 4 7 6 5 0
16	660	263714	1215011254	12850482	1255922363	4360	13512	1256204609	37	P: 0 1 2 6 7 12 13 18 19 17 19 18 16 14 16 17 15 14 9 8 10 12 13 11 10 11 9 8 3 1 2 4 3 4 7 6 5 0
16	636	262751	1215630391	12871386	1256689382	4468	13573	1256970810	37	P: 0 1 2 6 7 12 13 18 19 17 19 18 16 14 16 17 15 14 9 8 10 12 13 11 10 11 9 8 3 1 2 4 3 4 7 6 5 0
16	646	263589	1215651293	13309030	1257198174	4117	13419	1257479945	37	P: 0 1 2 6 7 12 13 18 19 17 19 18 16 14 16 17 15 14 9 8 10 12 13 11 10 11 9 8 3 1 2 4 3 4 7 6 5 0
16	667	309721	1216201205	13568971	1258142430	4792	13436	1258471046	37	P: 0 1 2 6 7 12 13 18 19 17 19 18 16 14 16 17 15 14 9 8 10 12 13 11 10 11 9 8 3 1 2 4 3 4 7 6 5 0
16	640	265723	1215833433	12931540	1256946784	4539	13703	1257231389	37	P: 0 1 2 6 7 12 13 18 19 17 19 18 16 14 16 17 15 14 9 8 10 12 13 11 10 11 9 8 3 1 2 4 3 4 7 6 5 0
16	845	266013	1216081032	12899330	1257324254	4150	13876	1257609138	37	P: 0 1 2 6 7 12 13 18 19 17 19 18 16 14 16 17 15 14 9 8 10 12 13 11 10 11 9 8 3 1 2 4 3 4 7 6 5 0
16	603	265283	1215818395	15197331	1261033444	4368	13697	1261317395	37	P: 0 1 2 6 7 12 13 18 19 17 19 18 16 14 16 17 15 14 9 8 10 12 13 11 10 11 9 8 3 1 2 4 3 4 7 6 5 0
16	659	264968	1217530761	13956900	1260534881	4577	13769	1260818854	37	P: 0 1 2 6 7 12 13 18 19 17 19 18 16 14 16 17 15 14 9 8 10 12 13 11 10 11 9 8 3 1 2 4 3 4 7 6 5 0
16	655	316324	1221733062	14151713	1264837911	4639	13681	1265173210	37	P: 0 1 2 6 7 12 13 18 19 17 19 18 16 14 16 17 15 14 9 8 10 12 13 11 10 11 9 8 3 1 2 4 3 4 7 6 5 0
16	559	262771	1214638546	13070083	1255654697	4120	13498	1255935645	37	P: 0 1 2 6 7 12 13 18 19 17 19 18 16 14 16 17 15 14 9 8 10 12 13 11 10 11 9 8 3 1 2 4 3 4 7 6 5 0
16	540	265179	1216975985	13133155	1258140965	4148	13522	1258424354	37	P: 0 1 2 6 7 12 13 18 19 17 19 18 16 14 16 17 15 14 9 8 10 12 13 11 10 11 9 8 3 1 2 4 3 4 7 6 5 0
16	703	263636	1218867170	13088666	1260056481	4355	14080	1260339255	37	P: 0 1 2 6 7 12 13 18 19 17 19 18 16 14 16 17 15 14 9 8 10 12 13 11 10 11 9 8 3 1 2 4 3 4 7 6 5 0
16	1059	264345	1215385136	13251883	1256874036	4240	13752	1257157432	37	P: 0 1 2 6 7 12 13 18 19 17 19 18 16 14 16 17 15 14 9 8 10 12 13 11 10 11 9 8 3 1 2 4 3 4 7 6 5 0
16	671	264232	1213608237	12857903	1254446302	4237	13991	1254729433	37	P: 0 1 2 6 7 12 13 18 19 17 19 18 16 14 16 17 15 14 9 8 10 12 13 11 10 11 9 8 3 1 2 4 3 4 7 6 5 0
16	662	265152	1215137908	13443480	1257010247	4142	13925	1257294128	37	P: 0 1 2 6 7 12 13 18 19 17 19 18 16 14 16 17 15 14 9 8 10 12 13 11 10 11 9 8 3 1 2 4 3 4 7 6 5 0
16	664	272365	1216402724	13936534	1259078245	4295	13454	1259369023	37	P: 0 1 2 6 7 12 13 18 19 17 19 18 16 14 16 17 15 14 9 8 10 12 13 11 10 11 9 8 3 1 2 4 3 4 7 6 5 0
16	606	263202	1399714632	13825277	1442212105	4199	13642	1442493754	37	P: 0 1 2 6 7 12 13 18 19 17 19 18 16 14 16 17 15 14 9 8 10 12 13 11 10 11 9 8 3 1 2 4 3 4 7 6 5 0
16	967	263557	1215314625	12908449	1256256221	4262	13884	1256538891	37	P: 0 1 2 6 7 12 13 18 19 17 19 18 16 14 16 17 15 14 9 8 10 12 13 11 10 11 9 8 3 1 2 4 3 4 7 6 5 0
16	653	264293	1217387907	13689800	1259749518	4812	13553	1260032829	37	P: 0 1 2 6 7 12 13 18 19 17 19 18 16 14 16 17 15 14 9 8 10 12 13 11 10 11 9 8 3 1 2 4 3 4 7 6 5 0
16	639	263783	1215623741	13995181	1258659716	4292	13872	1258942302	37	P: 0 1 2 6 7 12 13 18 19 17 19 18 16 14 16 17 15 14 9 8 10 12 13 11 10 11 9 8 3 1 2 4 3 4 7 6 5 0
16	541	264646	1216132260	12835842	1256960213	4463	13690	1257243553	37	P: 0 1 2 6 7 12 13 18 19 17 19 18 16 14 16 17 15 14 9 8 10 12 13 11 10 11 9 8 3 1 2 4 3 4 7 6 5 0
16	558	264036	1214770485	12950738	1255725316	4397	13393	1256007700	37	P: 0 1 2 6 7 12 13 18 19 17 19 18 16 14 16 17 15 14 9 8 10 12 13 11 10 11 9 8 3 1 2 4 3 4 7 6 5 0
16	660	264395	1214905494	12896326	1255836068	4054	14000	1256119177	37	P: 0 1 2 6 7 12 13 18 19 17 19 18 16 14 16 17 15 14 9 8 10 12 13 11 10 11 9 8 3 1 2 4 3 4 7 6 5 0
16	592	264924	1215315579	13477912	1257384507	4189	13704	1257667916	37	P: 0 1 2 6 7 12 13 18 19 17 19 18 16 14 16 17 15 14 9 8 10 12 13 11 10 11 9 8 3 1 2 4 3 4 7 6 5 0
16	618	264925	1220461471	13361652	1262184671	4054	13520	1262467788	37	P: 0 1 2 6 7 12 13 18 19 17 19 18 16 14 16 17 15 14 9 8 10 12 13 11 10 11 9 8 3 1 2 4 3 4 7 6 5 0
16	934	265190	1215959524	12916462	1256842169	4134	14012	1257126439	37	P: 0 1 2 6 7 12 13 18 19 17 19 18 16 14 16 17 15 14 9 8 10 12 13 11 10 11 9 8 3 1 2 4 3 4 7 6 5 0
16	564	265257	1214454482	12955910	1255400818	4542	13195	1255684376	37	P: 0 1 2 6 7 12 13 18 19 17 19 18 16 14 16 17 15 14 9 8 10 12 13 11 10 11 9 8 3 1 2 4 3 4 7 6 5 0
16	658	265851	1215940624	13691473	1258245905	4225	13334	1258529973	37	P: 0 1 2 6 7 12 13 18 19 17 19 18 16 14 16 17 15 14 9 8 10 12 13 11 10 11 9 8 3 1 2 4 3 4 7 6 5 0
16	605	264933	1217342804	15354790	1262909134	4264	13430	1263192366	37	P: 0 1 2 6 7 12 13 18 19 17 19 18 16 14 16 17 15 14 9 8 10 12 13 11 10 11 9 8 3 1 2 4 3 4 7 6 5 0
16	681	268894	1214095394	13155597	1255371012	4625	13476	1255658688	37	P: 0 1 2 6 7 12 13 18 19 17 19 18 16 14 16 17 15 14 9 8 10 12 13 11 10 11 9 8 3 1 2 4 3 4 7 6 5 0
16	740	265265	1213132170	12973250	1254273915	4612	13750	1254558282	37	P: 0 1 2 6 7 12 13 18 19 17 19 18 16 14 16 17 15 14 9 8 10 12 13 11 10 11 9 8 3 1 2 4 3 4 7 6 5 0
16	623	263769	1214916664	13017473	1256004652	4091	13453	1256286588	37	P: 0 1 2 6 7 12 13 18 19 17 19 18 16 14 16 17 15 14 9 8 10 12 13 11 10 11 9 8 3 1 2 4 3 4 7 6 5 0
16	529	263887	1214029386	13198215	1255499098	4423	13765	1255781702	37	P: 0 1 2 6 7 12 13 18 19 17 19 18 16 14 16 17 15 14 9 8 10 12 13 11 10 11 9 8 3 1 2 4 3 4 7 6 5 0
16	687	264297	1216380542	13022446	1257399263	4385	13524	1257682156	37	P: 0 1 2 6 7 12 13 18 19 17 19 18 16 14 16 17 15 14 9 8 10 12 13 11 10 11 9 8 3 1 2 4 3 4 7 6 5 0
16	584	264845	1214530744	12906403	1255447710	5017	13753	1255731909	37	P: 0 1 2 6 7 12 13 18 19 17 19 18 16 14 16 17 15 14 9 8 10 12 13 11 10 11 9 8 3 1 2 4 3 4 7 6 5 0
16	625	317017	1223631173	13135418	1264868743	4132	13396	1265203913	37	P: 0 1 2 6 7 12 13 18 19 17 19 18 16 14 16 17 15 14 9 8 10 12 13 11 10 11 9 8 3 1 2 4 3 4 7 6 5 0
16	649	264855	1214347879	13446998	1256263820	4289	13340	1256546953	37	P: 0 1 2 6 7 12 13 18 19 17 19 18 16 14 16 17 15 14 9 8 10 12 13 11 10 11 9 8 3 1 2 4 3 4 7 6 5 0
16	615	266795	1216248867	12871309	1257158220	4397	13584	1257443611	37	P: 0 1 2 6 7 12 13 18 19 17 19 18 16 14 16 17 15 14 9 8 10 12 13 11 10 11 9 8 3 1 2 4 3 4 7 6 5 0
16	585	264614	1220270374	12797636	1261054545	4596	13744	1261338084	37	P: 0 1 2 6 7 12 13 18 19 17 19 18 16 14 16 17 15 14 9 8 10 12 13 11 10 11 9 8 3 1 2 4 3 4 7 6 5 0
16	596	264858	1213635888	12785400	1254343293	4527	13615	1254626889	37	P: 0 1 2 6 7 12 13 18 19 17 19 18 16 14 16 17 15 14 9 8 10 12 13 11 10 11 9 8 3 1 2 4 3 4 7 6 5 0
16	685	262438	1214363722	12911202	1255217244	4355	13776	1255498498	37	P: 0 1 2 6 7 12 13 18 19 17 19 18 16 14 16 17 15 14 9 8 10 12 13 11 10 11 9 8 3 1 2 4 3 4 7 6 5 0
16	544	270881	1214412131	12855780	1255132813	4262	13498	1255421998	37	P: 0 1 2 6 7 12 13 18 19 17 19 18 16 14 16 17 15 14 9 8 10 12 13 11 10 11 9 8 3 1 2 4 3 4 7 6 5 0
16	558	266432	1215162873	12899545	1256135850	4412	13609	1256420861	37	P: 0 1 2 6 7 12 13 18 19 17 19 18 16 14 16 17 15 14 9 8 10 12 13 11 10 11 9 8 3 1 2 4 3 4 7 6 5 0
16	583	315670	1215311109	13388363	1257164394	4592	13577	1257498816	37	P: 0 1 2 6 7 12 13 18 19 17 19 18 16 14 16 17 15 14 9 8 10 12 13 11 10 11 9 8 3 1 2 4 3 4 7 6 5 0
16	651	265615	1214092867	13251412	1255669161	4598	13664	1255953689	37	P: 0 1 2 6 7 12 13 18 19 17 19 18 16 14 16 17 15 14 9 8 10 12 13 11 10 11 9 8 3 1 2 4 3 4 7 6 5 0
16	662	265773	1215543465	13341525	1257210988	5042	13394	1257495859	37	P: 0 1 2 6 7 12 13 18 19 17 19 18 16 14 16 17 15 14 9 8 10 12 13 11 10 11 9 8 3 1 2 4 3 4 7 6 5 0
16	607	316892	1218997184	12957603	1260039374	4595	13809	1260375277	37	P: 0 1 2 6 7 12 13 18 19 17 19 18 16 14 16 17 15 14 9 8 10 12 13 11 10 11 9 8 3 1 2 4 3 4 7 6 5 0
16	655	266222	1216195751	12999935	1257174248	4165	13785	1257459075	37	P: 0 1 2 6 7 12 13 18 19 17 19 18 16 14 16 17 15 14 9 8 10 12 13 11 10 11 9 8 3 1 2 4 3 4 7 6 5 0
16	726	263209	1215314398	13119232	1256422282	4517	13889	1256704623	37	P: 0 1 2 6 7 12 13 18 19 17 19 18 16 14 16 17 15 14 9 8 10 12 13 11 10 11 9 8 3 1 2 4 3 4 7 6 5 0
