Solve V2
n_odds	isEulerian	listPairs	listPairsCombinationsBase	modifyGraph	hierholzer	total time	total distance	path
20	658	468062	152977302332	6193	48455038	153026232283	44	P: 0 20 22 23 21 20 21 5 0 1 2 6 5 6 7 12 13 18 19 17 15 14 16 17 16 18 13 11 9 14 9 8 10 11 10 12 7 4 2 4 3 8 3 1 0
20	733	452248	153632479160	6239	48831290	153681769670	44	P: 0 20 22 23 21 20 21 5 0 1 2 6 5 6 7 12 13 18 19 17 15 14 16 17 16 18 13 11 9 14 9 8 10 11 10 12 7 4 2 4 3 8 3 1 0
20	649	450355	153330911336	6530	48582186	153379951056	44	P: 0 20 22 23 21 20 21 5 0 1 2 6 5 6 7 12 13 18 19 17 15 14 16 17 16 18 13 11 9 14 9 8 10 11 10 12 7 4 2 4 3 8 3 1 0
20	760	450405	153369488948	6873	47864380	153417811366	44	P: 0 20 22 23 21 20 21 5 0 1 2 6 5 6 7 12 13 18 19 17 15 14 16 17 16 18 13 11 9 14 9 8 10 11 10 12 7 4 2 4 3 8 3 1 0
20	656	451397	153578110554	6336	48511816	153627080759	44	P: 0 20 22 23 21 20 21 5 0 1 2 6 5 6 7 12 13 18 19 17 15 14 16 17 16 18 13 11 9 14 9 8 10 11 10 12 7 4 2 4 3 8 3 1 0
20	692	453206	153498818374	6774	48600724	153547879770	44	P: 0 20 22 23 21 20 21 5 0 1 2 6 5 6 7 12 13 18 19 17 15 14 16 17 16 18 13 11 9 14 9 8 10 11 10 12 7 4 2 4 3 8 3 1 0
20	669	451100	153030084549	6456	48414671	153078957445	44	P: 0 20 22 23 21 20 21 5 0 1 2 6 5 6 7 12 13 18 19 17 15 14 16 17 16 18 13 11 9 14 9 8 10 11 10 12 7 4 2 4 3 8 3 1 0
20	685	452360	152954627786	5951	48624244	153003711026	44	P: 0 20 22 23 21 20 21 5 0 1 2 6 5 6 7 12 13 18 19 17 15 14 16 17 16 18 13 11 9 14 9 8 10 11 10 12 7 4 2 4 3 8 3 1 0
20	660	451629	152810507378	6232	31544693	152842510592	44	P: 0 20 22 23 21 20 21 5 0 1 2 6 5 6 7 12 13 18 19 17 15 14 16 17 16 18 13 11 9 14 9 8 10 11 10 12 7 4 2 4 3 8 3 1 0
20	622	449594	153018943691	6472	31715260	153051115639	44	P: 0 20 22 23 21 20 21 5 0 1 2 6 5 6 7 12 13 18 19 17 15 14 16 17 16 18 13 11 9 14 9 8 10 11 10 12 7 4 2 4 3 8 3 1 0
20	657	449775	152712690117	6912	47776612	152760924073	44	P: 0 20 22 23 21 20 21 5 0 1 2 6 5 6 7 12 13 18 19 17 15 14 16 17 16 18 13 11 9 14 9 8 10 11 10 12 7 4 2 4 3 8 3 1 0
20	665	450798	153703121767	6744	47941279	153751521253	44	P: 0 20 22 23 21 20 21 5 0 1 2 6 5 6 7 12 13 18 19 17 15 14 16 17 16 18 13 11 9 14 9 8 10 11 10 12 7 4 2 4 3 8 3 1 0
20	637	454450	152429130950	6672	48739876	152478332585	44	P: 0 20 22 23 21 20 21 5 0 1 2 6 5 6 7 12 13 18 19 17 15 14 16 17 16 18 13 11 9 14 9 8 10 11 10 12 7 4 2 4 3 8 3 1 0
20	579	488369	152549059199	6590	48761928	152598316665	44	P: 0 20 22 23 21 20 21 5 0 1 2 6 5 6 7 12 13 18 19 17 15 14 16 17 16 18 13 11 9 14 9 8 10 11 10 12 7 4 2 4 3 8 3 1 0
20	669	532662	153134966334	6382	47747444	153183253491	44	P: 0 20 22 23 21 20 21 5 0 1 2 6 5 6 7 12 13 18 19 17 15 14 16 17 16 18 13 11 9 14 9 8 10 11 10 12 7 4 2 4 3 8 3 1 0
20	683	484733	152706804601	6867	48336603	152755633487	44	P: 0 20 22 23 21 20 21 5 0 1 2 6 5 6 7 12 13 18 19 17 15 14 16 17 16 18 13 11 9 14 9 8 10 11 10 12 7 4 2 4 3 8 3 1 0
20	655	449755	152151340570	6608	48178947	152199976535	44	P: 0 20 22 23 21 20 21 5 0 1 2 6 5 6 7 12 13 18 19 17 15 14 16 17 16 18 13 11 9 14 9 8 10 11 10 12 7 4 2 4 3 8 3 1 0
20	713	451397	152046968613	6901	31426990	152078854614	44	P: 0 20 22 23 21 20 21 5 0 1 2 6 5 6 7 12 13 18 19 17 15 14 16 17 16 18 13 11 9 14 9 8 10 11 10 12 7 4 2 4 3 8 3 1 0
20	683	451531	151831117563	6245	31943369	151863519391	44	P: 0 20 22 23 21 20 21 5 0 1 2 6 5 6 7 12 13 18 19 17 15 14 16 17 16 18 13 11 9 14 9 8 10 11 10 12 7 4 2 4 3 8 3 1 0
20	656	454383	152299608983	7167	48169664	152348240853	44	P: 0 20 22 23 21 20 21 5 0 1 2 6 5 6 7 12 13 18 19 17 15 14 16 17 16 18 13 11 9 14 9 8 10 11 10 12 7 4 2 4 3 8 3 1 0
20	768	453958	153023750546	6196	47883122	153072094590	44	P: 0 20 22 23 21 20 21 5 0 1 2 6 5 6 7 12 13 18 19 17 15 14 16 17 16 18 13 11 9 14 9 8 10 11 10 12 7 4 2 4 3 8 3 1 0
20	816	465479	153108606589	7193	47994842	153157074919	44	P: 0 20 22 23 21 20 21 5 0 1 2 6 5 6 7 12 13 18 19 17 15 14 16 17 16 18 13 11 9 14 9 8 10 11 10 12 7 4 2 4 3 8 3 1 0
20	619	449994	153340690835	6712	48016536	153389164696	44	P: 0 20 22 23 21 20 21 5 0 1 2 6 5 6 7 12 13 18 19 17 15 14 16 17 16 18 13 11 9 14 9 8 10 11 10 12 7 4 2 4 3 8 3 1 0
20	738	535750	152521141710	6732	48061848	152569746778	44	P: 0 20 22 23 21 20 21 5 0 1 2 6 5 6 7 12 13 18 19 17 15 14 16 17 16 18 13 11 9 14 9 8 10 11 10 12 7 4 2 4 3 8 3 1 0
20	638	449517	152901101462	6657	48507448	152950065722	44	P: 0 20 22 23 21 20 21 5 0 1 2 6 5 6 7 12 13 18 19 17 15 14 16 17 16 18 13 11 9 14 9 8 10 11 10 12 7 4 2 4 3 8 3 1 0
20	652	451565	153050558064	6910	48609379	153099626570	44	P: 0 20 22 23 21 20 21 5 0 1 2 6 5 6 7 12 13 18 19 17 15 14 16 17 16 18 13 11 9 14 9 8 10 11 10 12 7 4 2 4 3 8 3 1 0
20	669	450716	153251113790	7069	47783451	153299355695	44	P: 0 20 22 23 21 20 21 5 0 1 2 6 5 6 7 12 13 18 19 17 15 14 16 17 16 18 13 11 9 14 9 8 10 11 10 12 7 4 2 4 3 8 3 1 0
20	594	452705	153330212155	7263	48839957	153379512674	44	P: 0 20 22 23 21 20 21 5 0 1 2 6 5 6 7 12 13 18 19 17 15 14 16 17 16 18 13 11 9 14 9 8 10 11 10 12 7 4 2 4 3 8 3 1 0
20	680	450462	152833384297	6460	48624870	152882466769	44	P: 0 20 22 23 21 20 21 5 0 1 2 6 5 6 7 12 13 18 19 17 15 14 16 17 16 18 13 11 9 14 9 8 10 11 10 12 7 4 2 4 3 8 3 1 0
20	627	454067	153257168933	7318	48559256	153306190201	44	P: 0 20 22 23 21 20 21 5 0 1 2 6 5 6 7 12 13 18 19 17 15 14 16 17 16 18 13 11 9 14 9 8 10 11 10 12 7 4 2 4 3 8 3 1 0
