n_odds	isEulerian	listPairs	time_tmp	time_for	listPairsCombinationsBase	modifyGraph	hierholzer	total_time	total_distance	path
16	605	258552	430800316	5410377	463953207	3808	177929	464394101	37	P: 0 1 2 6 7 12 13 18 19 17 19 18 16 14 16 17 15 14 9 8 10 12 13 11 10 11 9 8 3 1 2 4 3 4 7 6 5 0
16	640	261715	430092585	5447587	463623732	3345	177941	464067373	37	P: 0 1 2 6 7 12 13 18 19 17 19 18 16 14 16 17 15 14 9 8 10 12 13 11 10 11 9 8 3 1 2 4 3 4 7 6 5 0
16	720	253500	429402218	5480572	462437096	3974	175978	462871268	37	P: 0 1 2 6 7 12 13 18 19 17 19 18 16 14 16 17 15 14 9 8 10 12 13 11 10 11 9 8 3 1 2 4 3 4 7 6 5 0
16	666	260243	433789313	5391327	466666126	4080	177038	467108153	37	P: 0 1 2 6 7 12 13 18 19 17 19 18 16 14 16 17 15 14 9 8 10 12 13 11 10 11 9 8 3 1 2 4 3 4 7 6 5 0
16	576	259237	428866498	5385008	463296325	3929	176844	463736911	37	P: 0 1 2 6 7 12 13 18 19 17 19 18 16 14 16 17 15 14 9 8 10 12 13 11 10 11 9 8 3 1 2 4 3 4 7 6 5 0
16	515	309224	435785077	5837192	468953898	3557	222811	469490005	37	P: 0 1 2 6 7 12 13 18 19 17 19 18 16 14 16 17 15 14 9 8 10 12 13 11 10 11 9 8 3 1 2 4 3 4 7 6 5 0
16	733	262454	421260892	5687570	454404547	3463	225574	454896771	37	P: 0 1 2 6 7 12 13 18 19 17 19 18 16 14 16 17 15 14 9 8 10 12 13 11 10 11 9 8 3 1 2 4 3 4 7 6 5 0
16	599	263980	449648154	5480419	483645859	4388	179391	484094217	37	P: 0 1 2 6 7 12 13 18 19 17 19 18 16 14 16 17 15 14 9 8 10 12 13 11 10 11 9 8 3 1 2 4 3 4 7 6 5 0
16	642	261375	423867724	5578446	456668323	3710	224435	457158485	37	P: 0 1 2 6 7 12 13 18 19 17 19 18 16 14 16 17 15 14 9 8 10 12 13 11 10 11 9 8 3 1 2 4 3 4 7 6 5 0
16	743	259980	433288376	5444590	466606121	3847	174928	467045619	37	P: 0 1 2 6 7 12 13 18 19 17 19 18 16 14 16 17 15 14 9 8 10 12 13 11 10 11 9 8 3 1 2 4 3 4 7 6 5 0
16	543	262515	428989597	5436766	461830484	3492	177101	462274135	37	P: 0 1 2 6 7 12 13 18 19 17 19 18 16 14 16 17 15 14 9 8 10 12 13 11 10 11 9 8 3 1 2 4 3 4 7 6 5 0
16	540	269660	428997886	5477644	462109996	3479	223207	462606882	37	P: 0 1 2 6 7 12 13 18 19 17 19 18 16 14 16 17 15 14 9 8 10 12 13 11 10 11 9 8 3 1 2 4 3 4 7 6 5 0
16	557	259496	434869073	5431303	467864679	3527	176958	468305217	37	P: 0 1 2 6 7 12 13 18 19 17 19 18 16 14 16 17 15 14 9 8 10 12 13 11 10 11 9 8 3 1 2 4 3 4 7 6 5 0
16	672	265897	423185229	5526995	455841073	3958	223610	456335210	37	P: 0 1 2 6 7 12 13 18 19 17 19 18 16 14 16 17 15 14 9 8 10 12 13 11 10 11 9 8 3 1 2 4 3 4 7 6 5 0
16	635	258475	420872616	5437453	453924608	3252	226600	454413570	37	P: 0 1 2 6 7 12 13 18 19 17 19 18 16 14 16 17 15 14 9 8 10 12 13 11 10 11 9 8 3 1 2 4 3 4 7 6 5 0
16	585	263657	435488867	5448453	468434865	3737	178196	468881040	37	P: 0 1 2 6 7 12 13 18 19 17 19 18 16 14 16 17 15 14 9 8 10 12 13 11 10 11 9 8 3 1 2 4 3 4 7 6 5 0
16	666	267398	435493584	5478880	468621933	3789	175800	469069586	37	P: 0 1 2 6 7 12 13 18 19 17 19 18 16 14 16 17 15 14 9 8 10 12 13 11 10 11 9 8 3 1 2 4 3 4 7 6 5 0
16	689	263756	427089518	5437069	459762496	3723	228442	460259106	37	P: 0 1 2 6 7 12 13 18 19 17 19 18 16 14 16 17 15 14 9 8 10 12 13 11 10 11 9 8 3 1 2 4 3 4 7 6 5 0
16	687	255774	435482092	5434195	468348446	3318	174136	468782361	37	P: 0 1 2 6 7 12 13 18 19 17 19 18 16 14 16 17 15 14 9 8 10 12 13 11 10 11 9 8 3 1 2 4 3 4 7 6 5 0
16	647	268275	433766900	5442953	467375710	3458	223244	467871334	37	P: 0 1 2 6 7 12 13 18 19 17 19 18 16 14 16 17 15 14 9 8 10 12 13 11 10 11 9 8 3 1 2 4 3 4 7 6 5 0
16	594	261104	422703993	5461221	455279850	3316	223609	455768473	37	P: 0 1 2 6 7 12 13 18 19 17 19 18 16 14 16 17 15 14 9 8 10 12 13 11 10 11 9 8 3 1 2 4 3 4 7 6 5 0
16	665	268797	436424378	5393363	469319831	3599	178764	469771656	37	P: 0 1 2 6 7 12 13 18 19 17 19 18 16 14 16 17 15 14 9 8 10 12 13 11 10 11 9 8 3 1 2 4 3 4 7 6 5 0
16	684	265275	426591483	5459694	459180373	3222	232630	459682184	37	P: 0 1 2 6 7 12 13 18 19 17 19 18 16 14 16 17 15 14 9 8 10 12 13 11 10 11 9 8 3 1 2 4 3 4 7 6 5 0
16	570	263184	434546904	5438249	468230957	3677	180158	468678546	37	P: 0 1 2 6 7 12 13 18 19 17 19 18 16 14 16 17 15 14 9 8 10 12 13 11 10 11 9 8 3 1 2 4 3 4 7 6 5 0
16	645	261680	421906516	5465415	454466746	3355	224140	454956566	37	P: 0 1 2 6 7 12 13 18 19 17 19 18 16 14 16 17 15 14 9 8 10 12 13 11 10 11 9 8 3 1 2 4 3 4 7 6 5 0
16	818	258513	422170745	5406639	454718088	3187	228186	455208792	37	P: 0 1 2 6 7 12 13 18 19 17 19 18 16 14 16 17 15 14 9 8 10 12 13 11 10 11 9 8 3 1 2 4 3 4 7 6 5 0
16	603	253749	433148375	5458126	466036216	3852	179778	466474198	37	P: 0 1 2 6 7 12 13 18 19 17 19 18 16 14 16 17 15 14 9 8 10 12 13 11 10 11 9 8 3 1 2 4 3 4 7 6 5 0
16	689	265547	425270085	5458976	458064251	3009	224727	458558223	37	P: 0 1 2 6 7 12 13 18 19 17 19 18 16 14 16 17 15 14 9 8 10 12 13 11 10 11 9 8 3 1 2 4 3 4 7 6 5 0
16	788	258356	428131126	5444423	461420318	3367	234667	461917496	37	P: 0 1 2 6 7 12 13 18 19 17 19 18 16 14 16 17 15 14 9 8 10 12 13 11 10 11 9 8 3 1 2 4 3 4 7 6 5 0
16	588	253824	428925144	5465007	462067703	4296	180721	462507132	37	P: 0 1 2 6 7 12 13 18 19 17 19 18 16 14 16 17 15 14 9 8 10 12 13 11 10 11 9 8 3 1 2 4 3 4 7 6 5 0
16	601	266218	435150608	5419435	468105047	3848	175456	468551170	37	P: 0 1 2 6 7 12 13 18 19 17 19 18 16 14 16 17 15 14 9 8 10 12 13 11 10 11 9 8 3 1 2 4 3 4 7 6 5 0
16	637	262875	442931480	5449749	475742632	3109	226645	476235898	37	P: 0 1 2 6 7 12 13 18 19 17 19 18 16 14 16 17 15 14 9 8 10 12 13 11 10 11 9 8 3 1 2 4 3 4 7 6 5 0
16	610	307344	438296316	5397000	471878864	4184	177560	472368562	37	P: 0 1 2 6 7 12 13 18 19 17 19 18 16 14 16 17 15 14 9 8 10 12 13 11 10 11 9 8 3 1 2 4 3 4 7 6 5 0
16	623	252430	422557939	5466050	455113364	3719	224834	455594970	37	P: 0 1 2 6 7 12 13 18 19 17 19 18 16 14 16 17 15 14 9 8 10 12 13 11 10 11 9 8 3 1 2 4 3 4 7 6 5 0
16	707	255765	421410379	5418958	454017649	2782	228199	454505102	37	P: 0 1 2 6 7 12 13 18 19 17 19 18 16 14 16 17 15 14 9 8 10 12 13 11 10 11 9 8 3 1 2 4 3 4 7 6 5 0
16	600	269946	422331900	5391700	455881180	3392	228292	456383410	37	P: 0 1 2 6 7 12 13 18 19 17 19 18 16 14 16 17 15 14 9 8 10 12 13 11 10 11 9 8 3 1 2 4 3 4 7 6 5 0
16	605	260497	439009601	5459269	471952693	3392	230778	472447965	37	P: 0 1 2 6 7 12 13 18 19 17 19 18 16 14 16 17 15 14 9 8 10 12 13 11 10 11 9 8 3 1 2 4 3 4 7 6 5 0
16	715	264585	427309516	5478593	460515901	3632	177504	460962337	37	P: 0 1 2 6 7 12 13 18 19 17 19 18 16 14 16 17 15 14 9 8 10 12 13 11 10 11 9 8 3 1 2 4 3 4 7 6 5 0
16	572	306037	420001241	5393507	452661121	3451	224144	453195325	37	P: 0 1 2 6 7 12 13 18 19 17 19 18 16 14 16 17 15 14 9 8 10 12 13 11 10 11 9 8 3 1 2 4 3 4 7 6 5 0
16	654	257904	431176347	5428424	464280564	3981	173152	464716255	37	P: 0 1 2 6 7 12 13 18 19 17 19 18 16 14 16 17 15 14 9 8 10 12 13 11 10 11 9 8 3 1 2 4 3 4 7 6 5 0
16	689	259488	428664260	5388201	462103601	3195	174501	462541474	37	P: 0 1 2 6 7 12 13 18 19 17 19 18 16 14 16 17 15 14 9 8 10 12 13 11 10 11 9 8 3 1 2 4 3 4 7 6 5 0
16	857	262179	438282444	5563162	472093791	3416	224204	472584447	37	P: 0 1 2 6 7 12 13 18 19 17 19 18 16 14 16 17 15 14 9 8 10 12 13 11 10 11 9 8 3 1 2 4 3 4 7 6 5 0
16	535	312619	420932020	5382460	453379345	3030	226444	453921973	37	P: 0 1 2 6 7 12 13 18 19 17 19 18 16 14 16 17 15 14 9 8 10 12 13 11 10 11 9 8 3 1 2 4 3 4 7 6 5 0
16	633	278145	425511789	5391109	458135804	3251	221886	458639719	37	P: 0 1 2 6 7 12 13 18 19 17 19 18 16 14 16 17 15 14 9 8 10 12 13 11 10 11 9 8 3 1 2 4 3 4 7 6 5 0
16	560	310123	426243108	5556881	459546258	3415	223070	460083426	37	P: 0 1 2 6 7 12 13 18 19 17 19 18 16 14 16 17 15 14 9 8 10 12 13 11 10 11 9 8 3 1 2 4 3 4 7 6 5 0
16	601	256683	421874625	5351746	454249013	3632	225736	454735665	37	P: 0 1 2 6 7 12 13 18 19 17 19 18 16 14 16 17 15 14 9 8 10 12 13 11 10 11 9 8 3 1 2 4 3 4 7 6 5 0
16	679	313221	439317913	5370017	472293672	3473	177955	472789000	37	P: 0 1 2 6 7 12 13 18 19 17 19 18 16 14 16 17 15 14 9 8 10 12 13 11 10 11 9 8 3 1 2 4 3 4 7 6 5 0
16	620	262246	436038769	5475497	469179682	3506	176530	469622584	37	P: 0 1 2 6 7 12 13 18 19 17 19 18 16 14 16 17 15 14 9 8 10 12 13 11 10 11 9 8 3 1 2 4 3 4 7 6 5 0
16	581	313066	433612663	5496354	466137441	3179	226030	466680297	37	P: 0 1 2 6 7 12 13 18 19 17 19 18 16 14 16 17 15 14 9 8 10 12 13 11 10 11 9 8 3 1 2 4 3 4 7 6 5 0
16	638	267752	428743622	5461108	461883023	3978	179316	462334707	37	P: 0 1 2 6 7 12 13 18 19 17 19 18 16 14 16 17 15 14 9 8 10 12 13 11 10 11 9 8 3 1 2 4 3 4 7 6 5 0
