n_odds	isEulerian	listPairs	time_tmp	time_for	listPairsCombinationsBase	modifyGraph	hierholzer	total_time	total_distance	path
20	721	480153	166733397890	2453552220	177843378548	6796	79596133	177923462351	44	P: 0 20 22 23 21 20 21 5 0 1 2 6 5 6 7 12 13 18 19 17 15 14 16 17 16 18 13 11 9 14 9 8 10 11 10 12 7 4 2 4 3 8 3 1 0
20	702	465713	166501182451	2451064633	177607145916	6886	81630653	177689249870	44	P: 0 20 22 23 21 20 21 5 0 1 2 6 5 6 7 12 13 18 19 17 15 14 16 17 16 18 13 11 9 14 9 8 10 11 10 12 7 4 2 4 3 8 3 1 0
20	699	471901	166385318277	2450492078	177479557563	6492	79780659	177559817314	44	P: 0 20 22 23 21 20 21 5 0 1 2 6 5 6 7 12 13 18 19 17 15 14 16 17 16 18 13 11 9 14 9 8 10 11 10 12 7 4 2 4 3 8 3 1 0
20	645	475059	166846276624	2450477468	177956336098	7002	81808169	178038626973	44	P: 0 20 22 23 21 20 21 5 0 1 2 6 5 6 7 12 13 18 19 17 15 14 16 17 16 18 13 11 9 14 9 8 10 11 10 12 7 4 2 4 3 8 3 1 0
20	613	467600	166452211083	2452439254	177556997791	6735	81434213	177638906952	44	P: 0 20 22 23 21 20 21 5 0 1 2 6 5 6 7 12 13 18 19 17 15 14 16 17 16 18 13 11 9 14 9 8 10 11 10 12 7 4 2 4 3 8 3 1 0
20	668	475704	166233340167	2448354255	177344169515	7053	79903039	177424555979	44	P: 0 20 22 23 21 20 21 5 0 1 2 6 5 6 7 12 13 18 19 17 15 14 16 17 16 18 13 11 9 14 9 8 10 11 10 12 7 4 2 4 3 8 3 1 0
20	724	475826	164735608491	2448484654	177056948414	9498	19452	177057453914	44	P: 0 20 22 23 21 20 21 5 0 1 2 6 5 6 7 12 13 18 19 17 15 14 16 17 16 18 13 11 9 14 9 8 10 11 10 12 7 4 2 4 3 8 3 1 0
20	694	472598	166592702236	2451476876	177709884278	7018	81649188	177792013776	44	P: 0 20 22 23 21 20 21 5 0 1 2 6 5 6 7 12 13 18 19 17 15 14 16 17 16 18 13 11 9 14 9 8 10 11 10 12 7 4 2 4 3 8 3 1 0
20	629	473972	166248347177	2457330715	177368819157	6613	81303395	177450603766	44	P: 0 20 22 23 21 20 21 5 0 1 2 6 5 6 7 12 13 18 19 17 15 14 16 17 16 18 13 11 9 14 9 8 10 11 10 12 7 4 2 4 3 8 3 1 0
20	682	505354	166621313776	2464902490	177788299845	6995	80284624	177869097500	44	P: 0 20 22 23 21 20 21 5 0 1 2 6 5 6 7 12 13 18 19 17 15 14 16 17 16 18 13 11 9 14 9 8 10 11 10 12 7 4 2 4 3 8 3 1 0
20	744	471947	166216866842	2454319860	177343089521	6933	83187819	177426756964	44	P: 0 20 22 23 21 20 21 5 0 1 2 6 5 6 7 12 13 18 19 17 15 14 16 17 16 18 13 11 9 14 9 8 10 11 10 12 7 4 2 4 3 8 3 1 0
20	730	472450	170142427532	2453205437	181238744690	6450	81956376	181321180696	44	P: 0 20 22 23 21 20 21 5 0 1 2 6 5 6 7 12 13 18 19 17 15 14 16 17 16 18 13 11 9 14 9 8 10 11 10 12 7 4 2 4 3 8 3 1 0
20	679	485882	175231170372	2449632810	186343685924	6925	80172165	186424351575	44	P: 0 20 22 23 21 20 21 5 0 1 2 6 5 6 7 12 13 18 19 17 15 14 16 17 16 18 13 11 9 14 9 8 10 11 10 12 7 4 2 4 3 8 3 1 0
20	726	473851	166020331391	2449524499	177124911082	6844	81343427	177206735930	44	P: 0 20 22 23 21 20 21 5 0 1 2 6 5 6 7 12 13 18 19 17 15 14 16 17 16 18 13 11 9 14 9 8 10 11 10 12 7 4 2 4 3 8 3 1 0
20	685	480113	166138764508	2454930925	177264038831	6992	80338950	177344865571	44	P: 0 20 22 23 21 20 21 5 0 1 2 6 5 6 7 12 13 18 19 17 15 14 16 17 16 18 13 11 9 14 9 8 10 11 10 12 7 4 2 4 3 8 3 1 0
20	720	483406	165219956783	2445473526	176310983437	7004	81455400	176392929967	44	P: 0 20 22 23 21 20 21 5 0 1 2 6 5 6 7 12 13 18 19 17 15 14 16 17 16 18 13 11 9 14 9 8 10 11 10 12 7 4 2 4 3 8 3 1 0
20	715	477043	165808042149	2463202044	176915536143	7131	81896745	176997917777	44	P: 0 20 22 23 21 20 21 5 0 1 2 6 5 6 7 12 13 18 19 17 15 14 16 17 16 18 13 11 9 14 9 8 10 11 10 12 7 4 2 4 3 8 3 1 0
20	778	530261	167166760118	2443632464	178262401015	6761	79282064	178342220879	44	P: 0 20 22 23 21 20 21 5 0 1 2 6 5 6 7 12 13 18 19 17 15 14 16 17 16 18 13 11 9 14 9 8 10 11 10 12 7 4 2 4 3 8 3 1 0
20	720	484951	166405096726	2455278117	177511899611	6514	81598501	177593990297	44	P: 0 20 22 23 21 20 21 5 0 1 2 6 5 6 7 12 13 18 19 17 15 14 16 17 16 18 13 11 9 14 9 8 10 11 10 12 7 4 2 4 3 8 3 1 0
20	677	482719	166888076112	2459801310	178018338937	6243	80291985	178099120561	44	P: 0 20 22 23 21 20 21 5 0 1 2 6 5 6 7 12 13 18 19 17 15 14 16 17 16 18 13 11 9 14 9 8 10 11 10 12 7 4 2 4 3 8 3 1 0
20	944	477937	167896489489	2444466639	179002787586	6942	81909109	179085182518	44	P: 0 20 22 23 21 20 21 5 0 1 2 6 5 6 7 12 13 18 19 17 15 14 16 17 16 18 13 11 9 14 9 8 10 11 10 12 7 4 2 4 3 8 3 1 0
20	678	471479	167225583157	2443968584	178332182841	6998	80898450	178413560446	44	P: 0 20 22 23 21 20 21 5 0 1 2 6 5 6 7 12 13 18 19 17 15 14 16 17 16 18 13 11 9 14 9 8 10 11 10 12 7 4 2 4 3 8 3 1 0
20	577	477520	167640083674	2454815711	178753962206	6837	81354455	178835801595	44	P: 0 20 22 23 21 20 21 5 0 1 2 6 5 6 7 12 13 18 19 17 15 14 16 17 16 18 13 11 9 14 9 8 10 11 10 12 7 4 2 4 3 8 3 1 0
20	684	475679	167297599160	2451264755	178426438451	6330	79832734	178506753878	44	P: 0 20 22 23 21 20 21 5 0 1 2 6 5 6 7 12 13 18 19 17 15 14 16 17 16 18 13 11 9 14 9 8 10 11 10 12 7 4 2 4 3 8 3 1 0
20	726	475775	167900095446	2455866404	179012460469	7297	79625638	179092569905	44	P: 0 20 22 23 21 20 21 5 0 1 2 6 5 6 7 12 13 18 19 17 15 14 16 17 16 18 13 11 9 14 9 8 10 11 10 12 7 4 2 4 3 8 3 1 0
20	691	478003	165163261938	2445324272	176269576885	6937	80446469	176350508985	44	P: 0 20 22 23 21 20 21 5 0 1 2 6 5 6 7 12 13 18 19 17 15 14 16 17 16 18 13 11 9 14 9 8 10 11 10 12 7 4 2 4 3 8 3 1 0
20	736	469939	165361002014	2457875333	176478591686	6828	81147339	176560216528	44	P: 0 20 22 23 21 20 21 5 0 1 2 6 5 6 7 12 13 18 19 17 15 14 16 17 16 18 13 11 9 14 9 8 10 11 10 12 7 4 2 4 3 8 3 1 0
20	674	474211	167221079208	2447320716	178326262989	6899	79954069	178406698842	44	P: 0 20 22 23 21 20 21 5 0 1 2 6 5 6 7 12 13 18 19 17 15 14 16 17 16 18 13 11 9 14 9 8 10 11 10 12 7 4 2 4 3 8 3 1 0
20	677	478023	166651911780	2449253774	177764784102	6965	81525298	177846795065	44	P: 0 20 22 23 21 20 21 5 0 1 2 6 5 6 7 12 13 18 19 17 15 14 16 17 16 18 13 11 9 14 9 8 10 11 10 12 7 4 2 4 3 8 3 1 0
20	688	535148	167397503251	2448800350	178510935272	6925	81852012	178593330045	44	P: 0 20 22 23 21 20 21 5 0 1 2 6 5 6 7 12 13 18 19 17 15 14 16 17 16 18 13 11 9 14 9 8 10 11 10 12 7 4 2 4 3 8 3 1 0
20	707	474915	166534727846	2449909910	177634779798	6691	79564504	177714826615	44	P: 0 20 22 23 21 20 21 5 0 1 2 6 5 6 7 12 13 18 19 17 15 14 16 17 16 18 13 11 9 14 9 8 10 11 10 12 7 4 2 4 3 8 3 1 0
20	700	523107	166777747787	2455958157	177900538166	6734	82353171	177983421878	44	P: 0 20 22 23 21 20 21 5 0 1 2 6 5 6 7 12 13 18 19 17 15 14 16 17 16 18 13 11 9 14 9 8 10 11 10 12 7 4 2 4 3 8 3 1 0
20	680	483522	164954565139	2449214135	176051230730	6472	79336082	176131057486	44	P: 0 20 22 23 21 20 21 5 0 1 2 6 5 6 7 12 13 18 19 17 15 14 16 17 16 18 13 11 9 14 9 8 10 11 10 12 7 4 2 4 3 8 3 1 0
20	718	526537	166540668436	2451546819	177662806374	6897	80035195	177743375721	44	P: 0 20 22 23 21 20 21 5 0 1 2 6 5 6 7 12 13 18 19 17 15 14 16 17 16 18 13 11 9 14 9 8 10 11 10 12 7 4 2 4 3 8 3 1 0
20	661	467152	166112454577	2450194224	177215481191	6705	81590489	177297546198	44	P: 0 20 22 23 21 20 21 5 0 1 2 6 5 6 7 12 13 18 19 17 15 14 16 17 16 18 13 11 9 14 9 8 10 11 10 12 7 4 2 4 3 8 3 1 0
20	640	476897	166981559691	2452194334	178092477153	7064	82337912	178175299666	44	P: 0 20 22 23 21 20 21 5 0 1 2 6 5 6 7 12 13 18 19 17 15 14 16 17 16 18 13 11 9 14 9 8 10 11 10 12 7 4 2 4 3 8 3 1 0
20	604	477660	169352360837	2450118262	180459263377	7162	79578572	180539327375	44	P: 0 20 22 23 21 20 21 5 0 1 2 6 5 6 7 12 13 18 19 17 15 14 16 17 16 18 13 11 9 14 9 8 10 11 10 12 7 4 2 4 3 8 3 1 0
20	658	467548	167349769586	2441484081	178453632220	6804	81692649	178535799879	44	P: 0 20 22 23 21 20 21 5 0 1 2 6 5 6 7 12 13 18 19 17 15 14 16 17 16 18 13 11 9 14 9 8 10 11 10 12 7 4 2 4 3 8 3 1 0
20	719	485716	166750921793	2449891717	177865933213	7195	81041046	177947467889	44	P: 0 20 22 23 21 20 21 5 0 1 2 6 5 6 7 12 13 18 19 17 15 14 16 17 16 18 13 11 9 14 9 8 10 11 10 12 7 4 2 4 3 8 3 1 0
20	608	532687	167014168002	2461425459	178149168945	7119	81899291	178231608650	44	P: 0 20 22 23 21 20 21 5 0 1 2 6 5 6 7 12 13 18 19 17 15 14 16 17 16 18 13 11 9 14 9 8 10 11 10 12 7 4 2 4 3 8 3 1 0
20	695	479209	165448389605	2448723044	176549902237	6247	79779035	176630167423	44	P: 0 20 22 23 21 20 21 5 0 1 2 6 5 6 7 12 13 18 19 17 15 14 16 17 16 18 13 11 9 14 9 8 10 11 10 12 7 4 2 4 3 8 3 1 0
20	662	471178	167348599415	2454001255	178458118787	6618	81615877	178540213122	44	P: 0 20 22 23 21 20 21 5 0 1 2 6 5 6 7 12 13 18 19 17 15 14 16 17 16 18 13 11 9 14 9 8 10 11 10 12 7 4 2 4 3 8 3 1 0
20	741	478618	167522222480	2451795516	178624892570	7213	79363738	178704742880	44	P: 0 20 22 23 21 20 21 5 0 1 2 6 5 6 7 12 13 18 19 17 15 14 16 17 16 18 13 11 9 14 9 8 10 11 10 12 7 4 2 4 3 8 3 1 0
20	739	527828	169315320105	2453835875	180431155326	6746	81681437	180513372076	44	P: 0 20 22 23 21 20 21 5 0 1 2 6 5 6 7 12 13 18 19 17 15 14 16 17 16 18 13 11 9 14 9 8 10 11 10 12 7 4 2 4 3 8 3 1 0
20	701	478457	166189184235	2454833189	177307394097	6297	81713307	177389592859	44	P: 0 20 22 23 21 20 21 5 0 1 2 6 5 6 7 12 13 18 19 17 15 14 16 17 16 18 13 11 9 14 9 8 10 11 10 12 7 4 2 4 3 8 3 1 0
20	660	480040	165214821312	2454022025	176325946055	6672	81049272	176407482699	44	P: 0 20 22 23 21 20 21 5 0 1 2 6 5 6 7 12 13 18 19 17 15 14 16 17 16 18 13 11 9 14 9 8 10 11 10 12 7 4 2 4 3 8 3 1 0
20	688	530875	167599237866	2448698852	178712224382	6874	80518865	178793281684	44	P: 0 20 22 23 21 20 21 5 0 1 2 6 5 6 7 12 13 18 19 17 15 14 16 17 16 18 13 11 9 14 9 8 10 11 10 12 7 4 2 4 3 8 3 1 0
20	679	481316	166092831374	2455168543	177227326651	6837	82090845	177309906328	44	P: 0 20 22 23 21 20 21 5 0 1 2 6 5 6 7 12 13 18 19 17 15 14 16 17 16 18 13 11 9 14 9 8 10 11 10 12 7 4 2 4 3 8 3 1 0
20	987	469276	166154721825	2454018074	177261104896	6712	79355892	177340937763	44	P: 0 20 22 23 21 20 21 5 0 1 2 6 5 6 7 12 13 18 19 17 15 14 16 17 16 18 13 11 9 14 9 8 10 11 10 12 7 4 2 4 3 8 3 1 0
20	656	478430	166170971161	2454751364	177281662222	6713	81081486	177363229507	44	P: 0 20 22 23 21 20 21 5 0 1 2 6 5 6 7 12 13 18 19 17 15 14 16 17 16 18 13 11 9 14 9 8 10 11 10 12 7 4 2 4 3 8 3 1 0
