n_odds	isEulerian	listPairs	time_tmp	time_for	listPairsCombinationsBase	modifyGraph	hierholzer	total_time	total_distance	path
16	556	262976	356283469	5444261	389353491	3339	186346	389806708	37	P: 0 1 2 6 7 12 13 18 19 17 19 18 16 14 16 17 15 14 9 8 10 12 13 11 10 11 9 8 3 1 2 4 3 4 7 6 5 0
16	568	316141	352810901	5452914	386683757	3673	225120	387229259	37	P: 0 1 2 6 7 12 13 18 19 17 19 18 16 14 16 17 15 14 9 8 10 12 13 11 10 11 9 8 3 1 2 4 3 4 7 6 5 0
16	729	281807	354645281	5372273	387725642	3452	183029	388194659	37	P: 0 1 2 6 7 12 13 18 19 17 19 18 16 14 16 17 15 14 9 8 10 12 13 11 10 11 9 8 3 1 2 4 3 4 7 6 5 0
16	682	280597	353712471	5467209	386917473	3743	184191	387386686	37	P: 0 1 2 6 7 12 13 18 19 17 19 18 16 14 16 17 15 14 9 8 10 12 13 11 10 11 9 8 3 1 2 4 3 4 7 6 5 0
16	612	261575	353847148	5776989	387516594	3289	183561	387965631	37	P: 0 1 2 6 7 12 13 18 19 17 19 18 16 14 16 17 15 14 9 8 10 12 13 11 10 11 9 8 3 1 2 4 3 4 7 6 5 0
16	665	265823	353710910	5379103	386765654	3714	181647	387217503	37	P: 0 1 2 6 7 12 13 18 19 17 19 18 16 14 16 17 15 14 9 8 10 12 13 11 10 11 9 8 3 1 2 4 3 4 7 6 5 0
16	653	267290	352568875	5539841	386324144	3531	179754	386775372	37	P: 0 1 2 6 7 12 13 18 19 17 19 18 16 14 16 17 15 14 9 8 10 12 13 11 10 11 9 8 3 1 2 4 3 4 7 6 5 0
16	634	267338	355416931	5455498	388466395	3703	186434	388924504	37	P: 0 1 2 6 7 12 13 18 19 17 19 18 16 14 16 17 15 14 9 8 10 12 13 11 10 11 9 8 3 1 2 4 3 4 7 6 5 0
16	631	277196	352558783	5389704	389119180	3381	190360	389590748	37	P: 0 1 2 6 7 12 13 18 19 17 19 18 16 14 16 17 15 14 9 8 10 12 13 11 10 11 9 8 3 1 2 4 3 4 7 6 5 0
16	663	265163	352372785	5463960	385584373	3826	182973	386036998	37	P: 0 1 2 6 7 12 13 18 19 17 19 18 16 14 16 17 15 14 9 8 10 12 13 11 10 11 9 8 3 1 2 4 3 4 7 6 5 0
16	602	255350	351445974	5367946	385557191	3349	189197	386005689	37	P: 0 1 2 6 7 12 13 18 19 17 19 18 16 14 16 17 15 14 9 8 10 12 13 11 10 11 9 8 3 1 2 4 3 4 7 6 5 0
16	668	283163	356463172	5378625	389578616	3088	187979	390053514	37	P: 0 1 2 6 7 12 13 18 19 17 19 18 16 14 16 17 15 14 9 8 10 12 13 11 10 11 9 8 3 1 2 4 3 4 7 6 5 0
16	624	269609	352872278	5343442	385926053	3668	181197	386381151	37	P: 0 1 2 6 7 12 13 18 19 17 19 18 16 14 16 17 15 14 9 8 10 12 13 11 10 11 9 8 3 1 2 4 3 4 7 6 5 0
16	616	265410	353971922	5976296	388049498	3807	187428	388506759	37	P: 0 1 2 6 7 12 13 18 19 17 19 18 16 14 16 17 15 14 9 8 10 12 13 11 10 11 9 8 3 1 2 4 3 4 7 6 5 0
16	683	268415	354270490	5411124	387316691	3375	185106	387774270	37	P: 0 1 2 6 7 12 13 18 19 17 19 18 16 14 16 17 15 14 9 8 10 12 13 11 10 11 9 8 3 1 2 4 3 4 7 6 5 0
16	537	288739	354935378	5388076	388233839	3280	182893	388709288	37	P: 0 1 2 6 7 12 13 18 19 17 19 18 16 14 16 17 15 14 9 8 10 12 13 11 10 11 9 8 3 1 2 4 3 4 7 6 5 0
16	752	277200	353334264	5361377	386296176	3257	183917	386761302	37	P: 0 1 2 6 7 12 13 18 19 17 19 18 16 14 16 17 15 14 9 8 10 12 13 11 10 11 9 8 3 1 2 4 3 4 7 6 5 0
16	554	263197	364442016	5419868	397993098	3197	185004	398445050	37	P: 0 1 2 6 7 12 13 18 19 17 19 18 16 14 16 17 15 14 9 8 10 12 13 11 10 11 9 8 3 1 2 4 3 4 7 6 5 0
16	677	265686	356015339	6664419	391524948	4555	217047	392012913	37	P: 0 1 2 6 7 12 13 18 19 17 19 18 16 14 16 17 15 14 9 8 10 12 13 11 10 11 9 8 3 1 2 4 3 4 7 6 5 0
16	627	259094	352248539	5335139	385175278	3054	175524	385613577	37	P: 0 1 2 6 7 12 13 18 19 17 19 18 16 14 16 17 15 14 9 8 10 12 13 11 10 11 9 8 3 1 2 4 3 4 7 6 5 0
16	649	261060	350694348	5285466	383592435	3342	188668	384046154	37	P: 0 1 2 6 7 12 13 18 19 17 19 18 16 14 16 17 15 14 9 8 10 12 13 11 10 11 9 8 3 1 2 4 3 4 7 6 5 0
16	640	260825	352361879	5299067	385189812	2978	212606	385666861	37	P: 0 1 2 6 7 12 13 18 19 17 19 18 16 14 16 17 15 14 9 8 10 12 13 11 10 11 9 8 3 1 2 4 3 4 7 6 5 0
16	973	257911	353675679	5421217	387059443	3750	262774	387584851	37	P: 0 1 2 6 7 12 13 18 19 17 19 18 16 14 16 17 15 14 9 8 10 12 13 11 10 11 9 8 3 1 2 4 3 4 7 6 5 0
16	577	253134	359092698	5305025	393009645	3410	187093	393453859	37	P: 0 1 2 6 7 12 13 18 19 17 19 18 16 14 16 17 15 14 9 8 10 12 13 11 10 11 9 8 3 1 2 4 3 4 7 6 5 0
16	622	261537	352410431	5380672	385314045	3465	179248	385758917	37	P: 0 1 2 6 7 12 13 18 19 17 19 18 16 14 16 17 15 14 9 8 10 12 13 11 10 11 9 8 3 1 2 4 3 4 7 6 5 0
16	595	258790	351823399	5366546	384604135	3353	208129	385075002	37	P: 0 1 2 6 7 12 13 18 19 17 19 18 16 14 16 17 15 14 9 8 10 12 13 11 10 11 9 8 3 1 2 4 3 4 7 6 5 0
16	581	270666	364274395	5379040	397725164	3760	185754	398185925	37	P: 0 1 2 6 7 12 13 18 19 17 19 18 16 14 16 17 15 14 9 8 10 12 13 11 10 11 9 8 3 1 2 4 3 4 7 6 5 0
16	541	265355	360219410	5368490	393217758	3018	182964	393669636	37	P: 0 1 2 6 7 12 13 18 19 17 19 18 16 14 16 17 15 14 9 8 10 12 13 11 10 11 9 8 3 1 2 4 3 4 7 6 5 0
16	575	275037	352454850	5314168	385467990	3268	186134	385933004	37	P: 0 1 2 6 7 12 13 18 19 17 19 18 16 14 16 17 15 14 9 8 10 12 13 11 10 11 9 8 3 1 2 4 3 4 7 6 5 0
16	591	257283	440001717	5344844	473026147	3327	186699	473474047	37	P: 0 1 2 6 7 12 13 18 19 17 19 18 16 14 16 17 15 14 9 8 10 12 13 11 10 11 9 8 3 1 2 4 3 4 7 6 5 0
16	539	264278	354687457	5386819	388002867	3459	182033	388453176	37	P: 0 1 2 6 7 12 13 18 19 17 19 18 16 14 16 17 15 14 9 8 10 12 13 11 10 11 9 8 3 1 2 4 3 4 7 6 5 0
16	591	261057	352519388	5353187	386492551	3140	181612	386938951	37	P: 0 1 2 6 7 12 13 18 19 17 19 18 16 14 16 17 15 14 9 8 10 12 13 11 10 11 9 8 3 1 2 4 3 4 7 6 5 0
16	599	265620	352623347	5411977	385911115	3225	171516	386352075	37	P: 0 1 2 6 7 12 13 18 19 17 19 18 16 14 16 17 15 14 9 8 10 12 13 11 10 11 9 8 3 1 2 4 3 4 7 6 5 0
16	635	268524	354847890	5357521	388227310	3551	178350	388678370	37	P: 0 1 2 6 7 12 13 18 19 17 19 18 16 14 16 17 15 14 9 8 10 12 13 11 10 11 9 8 3 1 2 4 3 4 7 6 5 0
16	684	258422	352587932	5331486	385632235	3288	174988	386069617	37	P: 0 1 2 6 7 12 13 18 19 17 19 18 16 14 16 17 15 14 9 8 10 12 13 11 10 11 9 8 3 1 2 4 3 4 7 6 5 0
16	549	257735	353278264	5317599	386129282	3854	211097	386602517	37	P: 0 1 2 6 7 12 13 18 19 17 19 18 16 14 16 17 15 14 9 8 10 12 13 11 10 11 9 8 3 1 2 4 3 4 7 6 5 0
16	583	266439	352822402	5360328	386153869	3938	180540	386605369	37	P: 0 1 2 6 7 12 13 18 19 17 19 18 16 14 16 17 15 14 9 8 10 12 13 11 10 11 9 8 3 1 2 4 3 4 7 6 5 0
16	605	263040	351269132	5350588	384386030	3202	179142	384832019	37	P: 0 1 2 6 7 12 13 18 19 17 19 18 16 14 16 17 15 14 9 8 10 12 13 11 10 11 9 8 3 1 2 4 3 4 7 6 5 0
16	589	301251	365196319	5369503	398148218	3348	182757	398636163	37	P: 0 1 2 6 7 12 13 18 19 17 19 18 16 14 16 17 15 14 9 8 10 12 13 11 10 11 9 8 3 1 2 4 3 4 7 6 5 0
16	618	255716	353901332	5394879	386874093	3351	186537	387320315	37	P: 0 1 2 6 7 12 13 18 19 17 19 18 16 14 16 17 15 14 9 8 10 12 13 11 10 11 9 8 3 1 2 4 3 4 7 6 5 0
16	601	264321	360857486	5387591	393940574	3115	177392	394386003	37	P: 0 1 2 6 7 12 13 18 19 17 19 18 16 14 16 17 15 14 9 8 10 12 13 11 10 11 9 8 3 1 2 4 3 4 7 6 5 0
16	918	268538	352117592	5342328	385042286	3700	216060	385531502	37	P: 0 1 2 6 7 12 13 18 19 17 19 18 16 14 16 17 15 14 9 8 10 12 13 11 10 11 9 8 3 1 2 4 3 4 7 6 5 0
16	541	257376	355153110	5307622	388181829	3292	185716	388628754	37	P: 0 1 2 6 7 12 13 18 19 17 19 18 16 14 16 17 15 14 9 8 10 12 13 11 10 11 9 8 3 1 2 4 3 4 7 6 5 0
16	551	260486	352561466	5423241	386234018	3299	185784	386684138	37	P: 0 1 2 6 7 12 13 18 19 17 19 18 16 14 16 17 15 14 9 8 10 12 13 11 10 11 9 8 3 1 2 4 3 4 7 6 5 0
16	587	260837	351584213	5361307	384486579	3682	194580	384946265	37	P: 0 1 2 6 7 12 13 18 19 17 19 18 16 14 16 17 15 14 9 8 10 12 13 11 10 11 9 8 3 1 2 4 3 4 7 6 5 0
16	598	258246	352709817	5292689	385952831	3063	187164	386401902	37	P: 0 1 2 6 7 12 13 18 19 17 19 18 16 14 16 17 15 14 9 8 10 12 13 11 10 11 9 8 3 1 2 4 3 4 7 6 5 0
16	635	308163	364720390	5380805	397753828	3658	178132	398244416	37	P: 0 1 2 6 7 12 13 18 19 17 19 18 16 14 16 17 15 14 9 8 10 12 13 11 10 11 9 8 3 1 2 4 3 4 7 6 5 0
16	597	258670	353284702	5343289	386359333	3359	183761	386805720	37	P: 0 1 2 6 7 12 13 18 19 17 19 18 16 14 16 17 15 14 9 8 10 12 13 11 10 11 9 8 3 1 2 4 3 4 7 6 5 0
16	541	256061	351551563	5371294	384498462	3488	177835	384936387	37	P: 0 1 2 6 7 12 13 18 19 17 19 18 16 14 16 17 15 14 9 8 10 12 13 11 10 11 9 8 3 1 2 4 3 4 7 6 5 0
16	625	265140	354723136	5354092	387519911	3095	211602	388000373	37	P: 0 1 2 6 7 12 13 18 19 17 19 18 16 14 16 17 15 14 9 8 10 12 13 11 10 11 9 8 3 1 2 4 3 4 7 6 5 0
