n_odds	isEulerian	listPairs	time_tmp	time_for	listPairsCombinationsBase	modifyGraph	hierholzer	total_time	total_distance	path
18	717	365990	6117354370	87234488	6638887072	17740	1364856	6640636375	40	P: 0 20 21 5 0 1 2 6 5 6 7 12 13 18 19 17 15 14 16 17 16 18 13 11 9 14 9 8 10 11 10 12 7 4 2 4 3 8 3 1 0
18	664	340003	6317549941	87219043	6835902564	18060	1353732	6837615023	40	P: 0 20 21 5 0 1 2 6 5 6 7 12 13 18 19 17 15 14 16 17 16 18 13 11 9 14 9 8 10 11 10 12 7 4 2 4 3 8 3 1 0
18	780	334703	6654766655	87442984	7178500027	17217	1376115	7180228842	40	P: 0 20 21 5 0 1 2 6 5 6 7 12 13 18 19 17 15 14 16 17 16 18 13 11 9 14 9 8 10 11 10 12 7 4 2 4 3 8 3 1 0
18	727	424944	6096724687	87125131	6612015404	16893	1352889	6613810857	40	P: 0 20 21 5 0 1 2 6 5 6 7 12 13 18 19 17 15 14 16 17 16 18 13 11 9 14 9 8 10 11 10 12 7 4 2 4 3 8 3 1 0
18	668	348384	6051312118	87571218	6568511650	4929	2144044	6571009675	40	P: 0 20 21 5 0 1 2 6 5 6 7 12 13 18 19 17 15 14 16 17 16 18 13 11 9 14 9 8 10 11 10 12 7 4 2 4 3 8 3 1 0
18	664	341976	6555211612	87511993	7072795803	17222	1701544	7074857209	40	P: 0 20 21 5 0 1 2 6 5 6 7 12 13 18 19 17 15 14 16 17 16 18 13 11 9 14 9 8 10 11 10 12 7 4 2 4 3 8 3 1 0
18	632	339088	6687176823	87766815	7205750565	20637	1414843	7207525765	40	P: 0 20 21 5 0 1 2 6 5 6 7 12 13 18 19 17 15 14 16 17 16 18 13 11 9 14 9 8 10 11 10 12 7 4 2 4 3 8 3 1 0
18	787	420262	6350822666	87435619	6867346172	16363	1402345	6869185929	40	P: 0 20 21 5 0 1 2 6 5 6 7 12 13 18 19 17 15 14 16 17 16 18 13 11 9 14 9 8 10 11 10 12 7 4 2 4 3 8 3 1 0
18	624	364342	6436047638	87191056	6951372331	17193	1359630	6953114120	40	P: 0 20 21 5 0 1 2 6 5 6 7 12 13 18 19 17 15 14 16 17 16 18 13 11 9 14 9 8 10 11 10 12 7 4 2 4 3 8 3 1 0
18	652	342961	6614999669	87305300	7133857439	17577	1407469	7135626098	40	P: 0 20 21 5 0 1 2 6 5 6 7 12 13 18 19 17 15 14 16 17 16 18 13 11 9 14 9 8 10 11 10 12 7 4 2 4 3 8 3 1 0
18	614	331823	5934635558	87862611	6453680867	4969	2265203	6456283476	40	P: 0 20 21 5 0 1 2 6 5 6 7 12 13 18 19 17 15 14 16 17 16 18 13 11 9 14 9 8 10 11 10 12 7 4 2 4 3 8 3 1 0
18	668	338283	6545459161	87292503	7063836744	18504	1419377	7065613576	40	P: 0 20 21 5 0 1 2 6 5 6 7 12 13 18 19 17 15 14 16 17 16 18 13 11 9 14 9 8 10 11 10 12 7 4 2 4 3 8 3 1 0
18	638	331976	6219002379	87310646	6738498811	18348	1362873	6740212646	40	P: 0 20 21 5 0 1 2 6 5 6 7 12 13 18 19 17 15 14 16 17 16 18 13 11 9 14 9 8 10 11 10 12 7 4 2 4 3 8 3 1 0
18	676	355935	6800941115	87437729	7319709775	19494	1684664	7321770544	40	P: 0 20 21 5 0 1 2 6 5 6 7 12 13 18 19 17 15 14 16 17 16 18 13 11 9 14 9 8 10 11 10 12 7 4 2 4 3 8 3 1 0
18	627	328356	6137948900	87111845	6659292863	17143	1373743	6661012732	40	P: 0 20 21 5 0 1 2 6 5 6 7 12 13 18 19 17 15 14 16 17 16 18 13 11 9 14 9 8 10 11 10 12 7 4 2 4 3 8 3 1 0
18	653	400747	6341295836	87083814	6861244263	17764	1674443	6863337870	40	P: 0 20 21 5 0 1 2 6 5 6 7 12 13 18 19 17 15 14 16 17 16 18 13 11 9 14 9 8 10 11 10 12 7 4 2 4 3 8 3 1 0
18	625	331687	5840861637	87085209	6363423439	5140	2131462	6365892353	40	P: 0 20 21 5 0 1 2 6 5 6 7 12 13 18 19 17 15 14 16 17 16 18 13 11 9 14 9 8 10 11 10 12 7 4 2 4 3 8 3 1 0
18	659	351281	6689526877	87025787	7209062324	17165	1395247	7210826676	40	P: 0 20 21 5 0 1 2 6 5 6 7 12 13 18 19 17 15 14 16 17 16 18 13 11 9 14 9 8 10 11 10 12 7 4 2 4 3 8 3 1 0
18	625	333349	6142364776	87737768	6663674613	17140	1399399	6665425126	40	P: 0 20 21 5 0 1 2 6 5 6 7 12 13 18 19 17 15 14 16 17 16 18 13 11 9 14 9 8 10 11 10 12 7 4 2 4 3 8 3 1 0
18	671	363610	5915581577	87670953	6440314779	4876	2217063	6442900999	40	P: 0 20 21 5 0 1 2 6 5 6 7 12 13 18 19 17 15 14 16 17 16 18 13 11 9 14 9 8 10 11 10 12 7 4 2 4 3 8 3 1 0
18	680	365880	6598948291	88224215	7155938677	17759	1421109	7157744105	40	P: 0 20 21 5 0 1 2 6 5 6 7 12 13 18 19 17 15 14 16 17 16 18 13 11 9 14 9 8 10 11 10 12 7 4 2 4 3 8 3 1 0
18	656	353049	6591912320	87802969	7110893731	17990	1399102	7112664528	40	P: 0 20 21 5 0 1 2 6 5 6 7 12 13 18 19 17 15 14 16 17 16 18 13 11 9 14 9 8 10 11 10 12 7 4 2 4 3 8 3 1 0
18	705	335641	6614257966	87179805	7133011913	17060	1341325	7134706644	40	P: 0 20 21 5 0 1 2 6 5 6 7 12 13 18 19 17 15 14 16 17 16 18 13 11 9 14 9 8 10 11 10 12 7 4 2 4 3 8 3 1 0
18	1013	355226	6656154212	87419390	7176390510	19406	1693729	7178459884	40	P: 0 20 21 5 0 1 2 6 5 6 7 12 13 18 19 17 15 14 16 17 16 18 13 11 9 14 9 8 10 11 10 12 7 4 2 4 3 8 3 1 0
18	606	343065	6222027516	87611962	6741603808	17302	1674346	6743639127	40	P: 0 20 21 5 0 1 2 6 5 6 7 12 13 18 19 17 15 14 16 17 16 18 13 11 9 14 9 8 10 11 10 12 7 4 2 4 3 8 3 1 0
18	659	339631	6203408139	87412706	6721332830	4784	2164270	6723842174	40	P: 0 20 21 5 0 1 2 6 5 6 7 12 13 18 19 17 15 14 16 17 16 18 13 11 9 14 9 8 10 11 10 12 7 4 2 4 3 8 3 1 0
18	651	351045	6542625328	87200198	7060693343	17515	1678622	7062741176	40	P: 0 20 21 5 0 1 2 6 5 6 7 12 13 18 19 17 15 14 16 17 16 18 13 11 9 14 9 8 10 11 10 12 7 4 2 4 3 8 3 1 0
18	659	371129	6124755855	87066430	6645104869	18016	1339534	6646834207	40	P: 0 20 21 5 0 1 2 6 5 6 7 12 13 18 19 17 15 14 16 17 16 18 13 11 9 14 9 8 10 11 10 12 7 4 2 4 3 8 3 1 0
18	684	347051	6311754945	87546187	6834174700	17780	1401861	6835942076	40	P: 0 20 21 5 0 1 2 6 5 6 7 12 13 18 19 17 15 14 16 17 16 18 13 11 9 14 9 8 10 11 10 12 7 4 2 4 3 8 3 1 0
18	714	342702	6571346520	87175316	7090326278	17695	1691246	7092378635	40	P: 0 20 21 5 0 1 2 6 5 6 7 12 13 18 19 17 15 14 16 17 16 18 13 11 9 14 9 8 10 11 10 12 7 4 2 4 3 8 3 1 0
18	687	359899	6629316596	87667345	7152168193	20088	1370705	7153919572	40	P: 0 20 21 5 0 1 2 6 5 6 7 12 13 18 19 17 15 14 16 17 16 18 13 11 9 14 9 8 10 11 10 12 7 4 2 4 3 8 3 1 0
18	672	335859	6424523413	87343161	6948229729	19550	1438898	6950024708	40	P: 0 20 21 5 0 1 2 6 5 6 7 12 13 18 19 17 15 14 16 17 16 18 13 11 9 14 9 8 10 11 10 12 7 4 2 4 3 8 3 1 0
18	680	420729	6529402403	87545453	7050858631	17038	1377220	7052674298	40	P: 0 20 21 5 0 1 2 6 5 6 7 12 13 18 19 17 15 14 16 17 16 18 13 11 9 14 9 8 10 11 10 12 7 4 2 4 3 8 3 1 0
18	679	333289	6716394757	87914489	7240249380	17346	1437218	7242037912	40	P: 0 20 21 5 0 1 2 6 5 6 7 12 13 18 19 17 15 14 16 17 16 18 13 11 9 14 9 8 10 11 10 12 7 4 2 4 3 8 3 1 0
18	682	351539	6194786029	87612652	6713546424	21488	1683311	6715603444	40	P: 0 20 21 5 0 1 2 6 5 6 7 12 13 18 19 17 15 14 16 17 16 18 13 11 9 14 9 8 10 11 10 12 7 4 2 4 3 8 3 1 0
18	604	331575	5897529432	87427817	6414299384	4437	2174066	6416810066	40	P: 0 20 21 5 0 1 2 6 5 6 7 12 13 18 19 17 15 14 16 17 16 18 13 11 9 14 9 8 10 11 10 12 7 4 2 4 3 8 3 1 0
18	645	335079	6033503729	87124378	6549796861	4984	2586488	6552724057	40	P: 0 20 21 5 0 1 2 6 5 6 7 12 13 18 19 17 15 14 16 17 16 18 13 11 9 14 9 8 10 11 10 12 7 4 2 4 3 8 3 1 0
18	674	392702	6382205140	87151473	6903348114	19456	1739582	6905500528	40	P: 0 20 21 5 0 1 2 6 5 6 7 12 13 18 19 17 15 14 16 17 16 18 13 11 9 14 9 8 10 11 10 12 7 4 2 4 3 8 3 1 0
18	678	367429	6502877739	87245184	7025471097	17094	1418654	7027274952	40	P: 0 20 21 5 0 1 2 6 5 6 7 12 13 18 19 17 15 14 16 17 16 18 13 11 9 14 9 8 10 11 10 12 7 4 2 4 3 8 3 1 0
18	639	349172	6186882441	87345324	6706349256	16665	1693060	6708408792	40	P: 0 20 21 5 0 1 2 6 5 6 7 12 13 18 19 17 15 14 16 17 16 18 13 11 9 14 9 8 10 11 10 12 7 4 2 4 3 8 3 1 0
18	682	352001	6140586632	87534314	6671460929	17322	1355187	6673186121	40	P: 0 20 21 5 0 1 2 6 5 6 7 12 13 18 19 17 15 14 16 17 16 18 13 11 9 14 9 8 10 11 10 12 7 4 2 4 3 8 3 1 0
18	644	328796	6470483048	87428079	6989849368	17628	1395756	6991592192	40	P: 0 20 21 5 0 1 2 6 5 6 7 12 13 18 19 17 15 14 16 17 16 18 13 11 9 14 9 8 10 11 10 12 7 4 2 4 3 8 3 1 0
18	677	350070	6699912888	87846941	7219239319	17562	1671527	7221279155	40	P: 0 20 21 5 0 1 2 6 5 6 7 12 13 18 19 17 15 14 16 17 16 18 13 11 9 14 9 8 10 11 10 12 7 4 2 4 3 8 3 1 0
18	577	394383	6218126948	87376731	6799962308	17538	1665998	6802040804	40	P: 0 20 21 5 0 1 2 6 5 6 7 12 13 18 19 17 15 14 16 17 16 18 13 11 9 14 9 8 10 11 10 12 7 4 2 4 3 8 3 1 0
18	681	342563	6427741124	87472922	6948350996	17661	1665492	6950377393	40	P: 0 20 21 5 0 1 2 6 5 6 7 12 13 18 19 17 15 14 16 17 16 18 13 11 9 14 9 8 10 11 10 12 7 4 2 4 3 8 3 1 0
18	676	345426	6310788050	87949405	6828488680	17760	1365800	6830218342	40	P: 0 20 21 5 0 1 2 6 5 6 7 12 13 18 19 17 15 14 16 17 16 18 13 11 9 14 9 8 10 11 10 12 7 4 2 4 3 8 3 1 0
18	687	348470	6179088449	86813080	6696182260	17759	1687049	6698236225	40	P: 0 20 21 5 0 1 2 6 5 6 7 12 13 18 19 17 15 14 16 17 16 18 13 11 9 14 9 8 10 11 10 12 7 4 2 4 3 8 3 1 0
18	681	341076	6122163016	87686645	6642509807	18414	1657543	6644527521	40	P: 0 20 21 5 0 1 2 6 5 6 7 12 13 18 19 17 15 14 16 17 16 18 13 11 9 14 9 8 10 11 10 12 7 4 2 4 3 8 3 1 0
18	644	413360	6423759268	87587269	6944279332	18044	1693209	6946404589	40	P: 0 20 21 5 0 1 2 6 5 6 7 12 13 18 19 17 15 14 16 17 16 18 13 11 9 14 9 8 10 11 10 12 7 4 2 4 3 8 3 1 0
18	650	343317	6144700158	87567422	6665921676	17250	1419741	6667702634	40	P: 0 20 21 5 0 1 2 6 5 6 7 12 13 18 19 17 15 14 16 17 16 18 13 11 9 14 9 8 10 11 10 12 7 4 2 4 3 8 3 1 0
