n_odds	isEulerian	listPairs	time_tmp	time_for	listPairsCombinationsBase	modifyGraph	hierholzer	total_time	total_distance	path
18	661	407394	24061259104	228240921	24597341339	4111	10825018	24608578523	40	P: 0 20 21 5 0 1 2 6 5 6 7 12 13 18 19 17 15 14 16 17 16 18 13 11 9 14 9 8 10 11 10 12 7 4 2 4 3 8 3 1 0
18	724	357845	24047093547	227512233	24582307192	3788	10931325	24593600874	40	P: 0 20 21 5 0 1 2 6 5 6 7 12 13 18 19 17 15 14 16 17 16 18 13 11 9 14 9 8 10 11 10 12 7 4 2 4 3 8 3 1 0
18	641	356432	24027444623	228085778	24562787587	4290	10843186	24573992136	40	P: 0 20 21 5 0 1 2 6 5 6 7 12 13 18 19 17 15 14 16 17 16 18 13 11 9 14 9 8 10 11 10 12 7 4 2 4 3 8 3 1 0
18	732	358740	24014410568	227867748	24549945780	4257	10853531	24561163040	40	P: 0 20 21 5 0 1 2 6 5 6 7 12 13 18 19 17 15 14 16 17 16 18 13 11 9 14 9 8 10 11 10 12 7 4 2 4 3 8 3 1 0
18	728	374751	24012110886	227814792	24547536370	3845	10882016	24558797710	40	P: 0 20 21 5 0 1 2 6 5 6 7 12 13 18 19 17 15 14 16 17 16 18 13 11 9 14 9 8 10 11 10 12 7 4 2 4 3 8 3 1 0
18	616	374830	24036455331	228230766	24572075342	4127	10925637	24583380552	40	P: 0 20 21 5 0 1 2 6 5 6 7 12 13 18 19 17 15 14 16 17 16 18 13 11 9 14 9 8 10 11 10 12 7 4 2 4 3 8 3 1 0
18	634	358253	24032222690	227843307	24567673337	4218	10831664	24578868106	40	P: 0 20 21 5 0 1 2 6 5 6 7 12 13 18 19 17 15 14 16 17 16 18 13 11 9 14 9 8 10 11 10 12 7 4 2 4 3 8 3 1 0
18	610	358485	23997678673	227780591	24533621165	3971	10832707	24544816938	40	P: 0 20 21 5 0 1 2 6 5 6 7 12 13 18 19 17 15 14 16 17 16 18 13 11 9 14 9 8 10 11 10 12 7 4 2 4 3 8 3 1 0
18	736	359343	24025127385	227951918	24560629129	4271	10593646	24571587125	40	P: 0 20 21 5 0 1 2 6 5 6 7 12 13 18 19 17 15 14 16 17 16 18 13 11 9 14 9 8 10 11 10 12 7 4 2 4 3 8 3 1 0
18	747	359118	24058950601	227878686	24594070700	4049	10915457	24605350071	40	P: 0 20 21 5 0 1 2 6 5 6 7 12 13 18 19 17 15 14 16 17 16 18 13 11 9 14 9 8 10 11 10 12 7 4 2 4 3 8 3 1 0
18	785	376760	24125518163	228332800	24661102692	3906	10665931	24672150074	40	P: 0 20 21 5 0 1 2 6 5 6 7 12 13 18 19 17 15 14 16 17 16 18 13 11 9 14 9 8 10 11 10 12 7 4 2 4 3 8 3 1 0
18	692	410722	24068749717	227575978	24603803363	4364	10849389	24615068530	40	P: 0 20 21 5 0 1 2 6 5 6 7 12 13 18 19 17 15 14 16 17 16 18 13 11 9 14 9 8 10 11 10 12 7 4 2 4 3 8 3 1 0
18	672	410536	24015187749	228175628	24551293591	4202	10832663	24562541664	40	P: 0 20 21 5 0 1 2 6 5 6 7 12 13 18 19 17 15 14 16 17 16 18 13 11 9 14 9 8 10 11 10 12 7 4 2 4 3 8 3 1 0
18	657	370554	24026690085	227740302	24562383767	4037	11045992	24573805007	40	P: 0 20 21 5 0 1 2 6 5 6 7 12 13 18 19 17 15 14 16 17 16 18 13 11 9 14 9 8 10 11 10 12 7 4 2 4 3 8 3 1 0
18	800	360930	24018275562	228031257	24553931789	4093	10570441	24564868053	40	P: 0 20 21 5 0 1 2 6 5 6 7 12 13 18 19 17 15 14 16 17 16 18 13 11 9 14 9 8 10 11 10 12 7 4 2 4 3 8 3 1 0
18	695	393762	24045790392	227994454	24581253717	4300	10827014	24592479488	40	P: 0 20 21 5 0 1 2 6 5 6 7 12 13 18 19 17 15 14 16 17 16 18 13 11 9 14 9 8 10 11 10 12 7 4 2 4 3 8 3 1 0
18	682	361184	24035517984	227621170	24570330708	3987	10620659	24581317220	40	P: 0 20 21 5 0 1 2 6 5 6 7 12 13 18 19 17 15 14 16 17 16 18 13 11 9 14 9 8 10 11 10 12 7 4 2 4 3 8 3 1 0
18	681	358466	24010281683	227785881	24545885871	4212	10853089	24557102319	40	P: 0 20 21 5 0 1 2 6 5 6 7 12 13 18 19 17 15 14 16 17 16 18 13 11 9 14 9 8 10 11 10 12 7 4 2 4 3 8 3 1 0
18	768	367191	24015843421	227801127	24551572664	4826	11042591	24562988040	40	P: 0 20 21 5 0 1 2 6 5 6 7 12 13 18 19 17 15 14 16 17 16 18 13 11 9 14 9 8 10 11 10 12 7 4 2 4 3 8 3 1 0
18	710	356327	24017701303	227842508	24552881291	4500	10655067	24563897895	40	P: 0 20 21 5 0 1 2 6 5 6 7 12 13 18 19 17 15 14 16 17 16 18 13 11 9 14 9 8 10 11 10 12 7 4 2 4 3 8 3 1 0
18	717	357557	24012784274	227641693	24548254711	4091	10850242	24559467318	40	P: 0 20 21 5 0 1 2 6 5 6 7 12 13 18 19 17 15 14 16 17 16 18 13 11 9 14 9 8 10 11 10 12 7 4 2 4 3 8 3 1 0
18	706	358148	24443597941	230288782	24983568262	4599	10708930	24994640645	40	P: 0 20 21 5 0 1 2 6 5 6 7 12 13 18 19 17 15 14 16 17 16 18 13 11 9 14 9 8 10 11 10 12 7 4 2 4 3 8 3 1 0
18	736	359587	24237455212	228016323	24775708404	3922	10828503	24786901152	40	P: 0 20 21 5 0 1 2 6 5 6 7 12 13 18 19 17 15 14 16 17 16 18 13 11 9 14 9 8 10 11 10 12 7 4 2 4 3 8 3 1 0
18	708	358610	24058915757	227688546	24593929206	4586	10815032	24605108142	40	P: 0 20 21 5 0 1 2 6 5 6 7 12 13 18 19 17 15 14 16 17 16 18 13 11 9 14 9 8 10 11 10 12 7 4 2 4 3 8 3 1 0
18	678	356272	24020000109	227884952	24555449704	4160	10851276	24566662090	40	P: 0 20 21 5 0 1 2 6 5 6 7 12 13 18 19 17 15 14 16 17 16 18 13 11 9 14 9 8 10 11 10 12 7 4 2 4 3 8 3 1 0
18	612	355309	24018662477	227721048	24553590704	4644	10819610	24564770879	40	P: 0 20 21 5 0 1 2 6 5 6 7 12 13 18 19 17 15 14 16 17 16 18 13 11 9 14 9 8 10 11 10 12 7 4 2 4 3 8 3 1 0
18	584	388435	24017137317	227539351	24551923457	4488	10826237	24563143201	40	P: 0 20 21 5 0 1 2 6 5 6 7 12 13 18 19 17 15 14 16 17 16 18 13 11 9 14 9 8 10 11 10 12 7 4 2 4 3 8 3 1 0
18	663	355969	24058641636	228047114	24594290405	4535	10905151	24605556723	40	P: 0 20 21 5 0 1 2 6 5 6 7 12 13 18 19 17 15 14 16 17 16 18 13 11 9 14 9 8 10 11 10 12 7 4 2 4 3 8 3 1 0
18	725	356796	24090470004	227415538	24625179078	3880	10911554	24636452033	40	P: 0 20 21 5 0 1 2 6 5 6 7 12 13 18 19 17 15 14 16 17 16 18 13 11 9 14 9 8 10 11 10 12 7 4 2 4 3 8 3 1 0
18	729	357789	24073285337	227471736	24607800585	4134	10813804	24618977041	40	P: 0 20 21 5 0 1 2 6 5 6 7 12 13 18 19 17 15 14 16 17 16 18 13 11 9 14 9 8 10 11 10 12 7 4 2 4 3 8 3 1 0
18	617	358011	24050053966	227610939	24585304713	4216	10905230	24596572787	40	P: 0 20 21 5 0 1 2 6 5 6 7 12 13 18 19 17 15 14 16 17 16 18 13 11 9 14 9 8 10 11 10 12 7 4 2 4 3 8 3 1 0
18	662	355134	24041591504	227858738	24576543560	4304	10807547	24587711207	40	P: 0 20 21 5 0 1 2 6 5 6 7 12 13 18 19 17 15 14 16 17 16 18 13 11 9 14 9 8 10 11 10 12 7 4 2 4 3 8 3 1 0
18	637	419127	24127047364	227938876	24662139707	4347	10842717	24673406535	40	P: 0 20 21 5 0 1 2 6 5 6 7 12 13 18 19 17 15 14 16 17 16 18 13 11 9 14 9 8 10 11 10 12 7 4 2 4 3 8 3 1 0
18	708	361720	24048882826	227420171	24583099541	4129	10841645	24594307743	40	P: 0 20 21 5 0 1 2 6 5 6 7 12 13 18 19 17 15 14 16 17 16 18 13 11 9 14 9 8 10 11 10 12 7 4 2 4 3 8 3 1 0
18	753	357992	24045727922	227424351	24580408186	4232	10659047	24591430210	40	P: 0 20 21 5 0 1 2 6 5 6 7 12 13 18 19 17 15 14 16 17 16 18 13 11 9 14 9 8 10 11 10 12 7 4 2 4 3 8 3 1 0
18	594	358969	24006548891	227551942	24541303375	4190	10577315	24552244443	40	P: 0 20 21 5 0 1 2 6 5 6 7 12 13 18 19 17 15 14 16 17 16 18 13 11 9 14 9 8 10 11 10 12 7 4 2 4 3 8 3 1 0
18	746	360931	24044565311	227731032	24579796115	3945	10567719	24590729456	40	P: 0 20 21 5 0 1 2 6 5 6 7 12 13 18 19 17 15 14 16 17 16 18 13 11 9 14 9 8 10 11 10 12 7 4 2 4 3 8 3 1 0
18	697	356878	24005327996	227394608	24539687724	4533	10630084	24550679916	40	P: 0 20 21 5 0 1 2 6 5 6 7 12 13 18 19 17 15 14 16 17 16 18 13 11 9 14 9 8 10 11 10 12 7 4 2 4 3 8 3 1 0
18	739	358464	24027356331	227646878	24562186009	4025	10823317	24573372554	40	P: 0 20 21 5 0 1 2 6 5 6 7 12 13 18 19 17 15 14 16 17 16 18 13 11 9 14 9 8 10 11 10 12 7 4 2 4 3 8 3 1 0
18	779	355791	24004997130	227766333	24539996005	4142	10897489	24551254206	40	P: 0 20 21 5 0 1 2 6 5 6 7 12 13 18 19 17 15 14 16 17 16 18 13 11 9 14 9 8 10 11 10 12 7 4 2 4 3 8 3 1 0
18	671	357159	24074538916	227479410	24609076295	4633	10805295	24620244053	40	P: 0 20 21 5 0 1 2 6 5 6 7 12 13 18 19 17 15 14 16 17 16 18 13 11 9 14 9 8 10 11 10 12 7 4 2 4 3 8 3 1 0
18	638	357851	24009561185	227446929	24545337737	3945	10631194	24556331365	40	P: 0 20 21 5 0 1 2 6 5 6 7 12 13 18 19 17 15 14 16 17 16 18 13 11 9 14 9 8 10 11 10 12 7 4 2 4 3 8 3 1 0
18	751	358679	24022901150	227580785	24557689236	4294	10691630	24568744590	40	P: 0 20 21 5 0 1 2 6 5 6 7 12 13 18 19 17 15 14 16 17 16 18 13 11 9 14 9 8 10 11 10 12 7 4 2 4 3 8 3 1 0
18	759	358163	24271867240	227543820	24806861895	4385	10922178	24818147380	40	P: 0 20 21 5 0 1 2 6 5 6 7 12 13 18 19 17 15 14 16 17 16 18 13 11 9 14 9 8 10 11 10 12 7 4 2 4 3 8 3 1 0
18	699	359176	24003649666	227493067	24538306164	4479	10580651	24549251169	40	P: 0 20 21 5 0 1 2 6 5 6 7 12 13 18 19 17 15 14 16 17 16 18 13 11 9 14 9 8 10 11 10 12 7 4 2 4 3 8 3 1 0
18	663	384142	24059215194	227283891	24593411666	4248	10898538	24604699257	40	P: 0 20 21 5 0 1 2 6 5 6 7 12 13 18 19 17 15 14 16 17 16 18 13 11 9 14 9 8 10 11 10 12 7 4 2 4 3 8 3 1 0
18	649	356897	24020698750	227795801	24555607655	4512	10636034	24566605747	40	P: 0 20 21 5 0 1 2 6 5 6 7 12 13 18 19 17 15 14 16 17 16 18 13 11 9 14 9 8 10 11 10 12 7 4 2 4 3 8 3 1 0
18	665	386214	24008984202	228001651	24544145442	3935	10851121	24555387377	40	P: 0 20 21 5 0 1 2 6 5 6 7 12 13 18 19 17 15 14 16 17 16 18 13 11 9 14 9 8 10 11 10 12 7 4 2 4 3 8 3 1 0
18	811	360565	24023249609	227409747	24557639601	4033	10820097	24568825107	40	P: 0 20 21 5 0 1 2 6 5 6 7 12 13 18 19 17 15 14 16 17 16 18 13 11 9 14 9 8 10 11 10 12 7 4 2 4 3 8 3 1 0
18	697	357618	24044909956	227633313	24579698864	4386	10651918	24590713483	40	P: 0 20 21 5 0 1 2 6 5 6 7 12 13 18 19 17 15 14 16 17 16 18 13 11 9 14 9 8 10 11 10 12 7 4 2 4 3 8 3 1 0
