n_odds	isEulerian	listPairs	time_tmp	time_for	listPairsCombinationsBase	modifyGraph	hierholzer	total_time	total_distance	path
18	2257	1479676	44569107230	395310167	45354087618	12690	13130411	45368712652	40	P: 0 20 21 5 0 1 2 6 5 6 7 12 13 18 19 17 15 14 16 17 16 18 13 11 9 14 9 8 10 11 10 12 7 4 2 4 3 8 3 1 0
18	1038	575506	44233965329	381802363	45007026121	13351	13165934	45020781950	40	P: 0 20 21 5 0 1 2 6 5 6 7 12 13 18 19 17 15 14 16 17 16 18 13 11 9 14 9 8 10 11 10 12 7 4 2 4 3 8 3 1 0
18	1173	554300	44242469642	385176594	45017778223	12430	13095900	45031442026	40	P: 0 20 21 5 0 1 2 6 5 6 7 12 13 18 19 17 15 14 16 17 16 18 13 11 9 14 9 8 10 11 10 12 7 4 2 4 3 8 3 1 0
18	1104	526265	44248026476	387576062	45029374782	12409	13091192	45043005752	40	P: 0 20 21 5 0 1 2 6 5 6 7 12 13 18 19 17 15 14 16 17 16 18 13 11 9 14 9 8 10 11 10 12 7 4 2 4 3 8 3 1 0
18	1219	527361	44708917467	403782663	45507380083	12310	13128026	45521048999	40	P: 0 20 21 5 0 1 2 6 5 6 7 12 13 18 19 17 15 14 16 17 16 18 13 11 9 14 9 8 10 11 10 12 7 4 2 4 3 8 3 1 0
18	964	528435	44302633138	380363969	45074116368	12605	13111666	45087770038	40	P: 0 20 21 5 0 1 2 6 5 6 7 12 13 18 19 17 15 14 16 17 16 18 13 11 9 14 9 8 10 11 10 12 7 4 2 4 3 8 3 1 0
18	951	526997	44426954922	382461662	45200673437	12281	13164937	45214378603	40	P: 0 20 21 5 0 1 2 6 5 6 7 12 13 18 19 17 15 14 16 17 16 18 13 11 9 14 9 8 10 11 10 12 7 4 2 4 3 8 3 1 0
18	945	526926	44318701433	387971332	45101151744	12347	13132146	45114824108	40	P: 0 20 21 5 0 1 2 6 5 6 7 12 13 18 19 17 15 14 16 17 16 18 13 11 9 14 9 8 10 11 10 12 7 4 2 4 3 8 3 1 0
18	1100	525365	44232344328	388479133	45010644677	12273	13089747	45024273162	40	P: 0 20 21 5 0 1 2 6 5 6 7 12 13 18 19 17 15 14 16 17 16 18 13 11 9 14 9 8 10 11 10 12 7 4 2 4 3 8 3 1 0
18	941	528402	44487115695	410154481	45287844216	13507	13122247	45301509313	40	P: 0 20 21 5 0 1 2 6 5 6 7 12 13 18 19 17 15 14 16 17 16 18 13 11 9 14 9 8 10 11 10 12 7 4 2 4 3 8 3 1 0
18	1065	526968	44407310617	387698828	45189274509	13423	13120945	45202936910	40	P: 0 20 21 5 0 1 2 6 5 6 7 12 13 18 19 17 15 14 16 17 16 18 13 11 9 14 9 8 10 11 10 12 7 4 2 4 3 8 3 1 0
18	1105	633289	44285808912	387390189	45063802727	12320	13097385	45077546826	40	P: 0 20 21 5 0 1 2 6 5 6 7 12 13 18 19 17 15 14 16 17 16 18 13 11 9 14 9 8 10 11 10 12 7 4 2 4 3 8 3 1 0
18	996	526186	44478395773	408280663	45277192168	13140	13143823	45290876313	40	P: 0 20 21 5 0 1 2 6 5 6 7 12 13 18 19 17 15 14 16 17 16 18 13 11 9 14 9 8 10 11 10 12 7 4 2 4 3 8 3 1 0
18	913	529448	44234313967	388982078	45018197565	12667	13174066	45031914659	40	P: 0 20 21 5 0 1 2 6 5 6 7 12 13 18 19 17 15 14 16 17 16 18 13 11 9 14 9 8 10 11 10 12 7 4 2 4 3 8 3 1 0
18	972	526993	44266104306	389617698	45049777364	12449	13139345	45063457123	40	P: 0 20 21 5 0 1 2 6 5 6 7 12 13 18 19 17 15 14 16 17 16 18 13 11 9 14 9 8 10 11 10 12 7 4 2 4 3 8 3 1 0
18	990	528722	44540768871	382530257	45340893170	12255	13102408	45354537545	40	P: 0 20 21 5 0 1 2 6 5 6 7 12 13 18 19 17 15 14 16 17 16 18 13 11 9 14 9 8 10 11 10 12 7 4 2 4 3 8 3 1 0
18	1103	526720	44428748119	385459834	45218638311	13195	13088324	45232267653	40	P: 0 20 21 5 0 1 2 6 5 6 7 12 13 18 19 17 15 14 16 17 16 18 13 11 9 14 9 8 10 11 10 12 7 4 2 4 3 8 3 1 0
18	1142	530276	44373955880	389701768	45157179055	12488	13109406	45170832367	40	P: 0 20 21 5 0 1 2 6 5 6 7 12 13 18 19 17 15 14 16 17 16 18 13 11 9 14 9 8 10 11 10 12 7 4 2 4 3 8 3 1 0
18	907	526231	44451579043	411126229	45253890805	12089	13134491	45267564523	40	P: 0 20 21 5 0 1 2 6 5 6 7 12 13 18 19 17 15 14 16 17 16 18 13 11 9 14 9 8 10 11 10 12 7 4 2 4 3 8 3 1 0
18	931	528800	44341978106	384473914	45116741389	12448	13106933	45130390501	40	P: 0 20 21 5 0 1 2 6 5 6 7 12 13 18 19 17 15 14 16 17 16 18 13 11 9 14 9 8 10 11 10 12 7 4 2 4 3 8 3 1 0
18	964	530289	44452977929	417586882	45265708364	12824	13085460	45279337901	40	P: 0 20 21 5 0 1 2 6 5 6 7 12 13 18 19 17 15 14 16 17 16 18 13 11 9 14 9 8 10 11 10 12 7 4 2 4 3 8 3 1 0
18	959	532062	44338398253	381454287	45111555290	12729	13177505	45125278545	40	P: 0 20 21 5 0 1 2 6 5 6 7 12 13 18 19 17 15 14 16 17 16 18 13 11 9 14 9 8 10 11 10 12 7 4 2 4 3 8 3 1 0
18	1036	528096	44439877900	382482808	45212354794	12818	13109527	45226006271	40	P: 0 20 21 5 0 1 2 6 5 6 7 12 13 18 19 17 15 14 16 17 16 18 13 11 9 14 9 8 10 11 10 12 7 4 2 4 3 8 3 1 0
18	1089	527982	44420683506	406963076	45223923364	12519	13095816	45237560770	40	P: 0 20 21 5 0 1 2 6 5 6 7 12 13 18 19 17 15 14 16 17 16 18 13 11 9 14 9 8 10 11 10 12 7 4 2 4 3 8 3 1 0
18	1088	526529	44644537387	415484261	45453622702	13589	13123076	45467286984	40	P: 0 20 21 5 0 1 2 6 5 6 7 12 13 18 19 17 15 14 16 17 16 18 13 11 9 14 9 8 10 11 10 12 7 4 2 4 3 8 3 1 0
18	1078	527126	44434611579	382485638	45210517978	12986	13183548	45224242716	40	P: 0 20 21 5 0 1 2 6 5 6 7 12 13 18 19 17 15 14 16 17 16 18 13 11 9 14 9 8 10 11 10 12 7 4 2 4 3 8 3 1 0
18	1104	530353	44577270862	412682283	45384472472	12586	13137981	45398154496	40	P: 0 20 21 5 0 1 2 6 5 6 7 12 13 18 19 17 15 14 16 17 16 18 13 11 9 14 9 8 10 11 10 12 7 4 2 4 3 8 3 1 0
18	824	530165	44196929266	384125863	44972189677	12606	13132501	44985865773	40	P: 0 20 21 5 0 1 2 6 5 6 7 12 13 18 19 17 15 14 16 17 16 18 13 11 9 14 9 8 10 11 10 12 7 4 2 4 3 8 3 1 0
18	1079	525154	44266743774	384413509	45041816213	13422	13187422	45055543290	40	P: 0 20 21 5 0 1 2 6 5 6 7 12 13 18 19 17 15 14 16 17 16 18 13 11 9 14 9 8 10 11 10 12 7 4 2 4 3 8 3 1 0
18	1332	530105	44440104871	382183110	45229916106	12451	13192677	45243652671	40	P: 0 20 21 5 0 1 2 6 5 6 7 12 13 18 19 17 15 14 16 17 16 18 13 11 9 14 9 8 10 11 10 12 7 4 2 4 3 8 3 1 0
18	1031	532101	44099424323	392329222	44886762534	13003	13182569	44900491238	40	P: 0 20 21 5 0 1 2 6 5 6 7 12 13 18 19 17 15 14 16 17 16 18 13 11 9 14 9 8 10 11 10 12 7 4 2 4 3 8 3 1 0
18	1101	530212	45416804982	402320701	46209822669	12693	13229778	46223596453	40	P: 0 20 21 5 0 1 2 6 5 6 7 12 13 18 19 17 15 14 16 17 16 18 13 11 9 14 9 8 10 11 10 12 7 4 2 4 3 8 3 1 0
18	917	526045	44254419607	385041697	45031343823	12448	13139761	45045022994	40	P: 0 20 21 5 0 1 2 6 5 6 7 12 13 18 19 17 15 14 16 17 16 18 13 11 9 14 9 8 10 11 10 12 7 4 2 4 3 8 3 1 0
18	1080	524947	44308377884	388441465	45092187989	13468	13123998	45105851482	40	P: 0 20 21 5 0 1 2 6 5 6 7 12 13 18 19 17 15 14 16 17 16 18 13 11 9 14 9 8 10 11 10 12 7 4 2 4 3 8 3 1 0
18	1406	528845	44389217738	381322474	45162072808	12834	13160597	45175776490	40	P: 0 20 21 5 0 1 2 6 5 6 7 12 13 18 19 17 15 14 16 17 16 18 13 11 9 14 9 8 10 11 10 12 7 4 2 4 3 8 3 1 0
18	922	528621	44087136163	390271309	44868787608	12595	13143059	44882472805	40	P: 0 20 21 5 0 1 2 6 5 6 7 12 13 18 19 17 15 14 16 17 16 18 13 11 9 14 9 8 10 11 10 12 7 4 2 4 3 8 3 1 0
18	1080	526656	44485344127	386484029	45293217521	12676	13098797	45306856730	40	P: 0 20 21 5 0 1 2 6 5 6 7 12 13 18 19 17 15 14 16 17 16 18 13 11 9 14 9 8 10 11 10 12 7 4 2 4 3 8 3 1 0
18	1459	527007	44129716670	388028515	44908570764	12626	13129624	44922241480	40	P: 0 20 21 5 0 1 2 6 5 6 7 12 13 18 19 17 15 14 16 17 16 18 13 11 9 14 9 8 10 11 10 12 7 4 2 4 3 8 3 1 0
18	953	524962	43945636051	402315031	44740082352	12229	13111955	44753732451	40	P: 0 20 21 5 0 1 2 6 5 6 7 12 13 18 19 17 15 14 16 17 16 18 13 11 9 14 9 8 10 11 10 12 7 4 2 4 3 8 3 1 0
18	898	529769	43996926513	394929181	44783334803	12635	13093551	44796971656	40	P: 0 20 21 5 0 1 2 6 5 6 7 12 13 18 19 17 15 14 16 17 16 18 13 11 9 14 9 8 10 11 10 12 7 4 2 4 3 8 3 1 0
18	862	526298	44030310729	395075259	44816380721	12598	13162887	44830083366	40	P: 0 20 21 5 0 1 2 6 5 6 7 12 13 18 19 17 15 14 16 17 16 18 13 11 9 14 9 8 10 11 10 12 7 4 2 4 3 8 3 1 0
18	926	538536	44299291813	391134127	45085460296	12217	13162442	45099174417	40	P: 0 20 21 5 0 1 2 6 5 6 7 12 13 18 19 17 15 14 16 17 16 18 13 11 9 14 9 8 10 11 10 12 7 4 2 4 3 8 3 1 0
18	1047	528865	44233515149	382397428	45007886294	13432	13090053	45021519691	40	P: 0 20 21 5 0 1 2 6 5 6 7 12 13 18 19 17 15 14 16 17 16 18 13 11 9 14 9 8 10 11 10 12 7 4 2 4 3 8 3 1 0
18	1145	526332	44283631000	388348799	45063510192	13155	13194006	45077244830	40	P: 0 20 21 5 0 1 2 6 5 6 7 12 13 18 19 17 15 14 16 17 16 18 13 11 9 14 9 8 10 11 10 12 7 4 2 4 3 8 3 1 0
18	1252	525490	45511142930	403071251	46314098592	12376	13087623	46327725333	40	P: 0 20 21 5 0 1 2 6 5 6 7 12 13 18 19 17 15 14 16 17 16 18 13 11 9 14 9 8 10 11 10 12 7 4 2 4 3 8 3 1 0
18	942	525656	44150473303	386098919	44928285184	12352	13131995	44941956129	40	P: 0 20 21 5 0 1 2 6 5 6 7 12 13 18 19 17 15 14 16 17 16 18 13 11 9 14 9 8 10 11 10 12 7 4 2 4 3 8 3 1 0
18	953	527490	44312303287	385306537	45089153143	12695	13130077	45102824358	40	P: 0 20 21 5 0 1 2 6 5 6 7 12 13 18 19 17 15 14 16 17 16 18 13 11 9 14 9 8 10 11 10 12 7 4 2 4 3 8 3 1 0
18	1066	529276	44341570789	384365311	45118106784	13153	13528563	45132178842	40	P: 0 20 21 5 0 1 2 6 5 6 7 12 13 18 19 17 15 14 16 17 16 18 13 11 9 14 9 8 10 11 10 12 7 4 2 4 3 8 3 1 0
18	1214	594282	44463289937	382817331	45247335294	12882	13159308	45261102980	40	P: 0 20 21 5 0 1 2 6 5 6 7 12 13 18 19 17 15 14 16 17 16 18 13 11 9 14 9 8 10 11 10 12 7 4 2 4 3 8 3 1 0
18	974	532338	44113788049	385945589	44890904955	11953	13118207	44904568427	40	P: 0 20 21 5 0 1 2 6 5 6 7 12 13 18 19 17 15 14 16 17 16 18 13 11 9 14 9 8 10 11 10 12 7 4 2 4 3 8 3 1 0
