n_odds	isEulerian	listPairs	listPairsCombinationsBase	modifyGraph	hierholzer	total_time	total_distance	path
10	737	90638	233238	804	5776	331193	25	P: 0 1 2 6 7 12 13 11 9 8 10 12 10 11 10 8 3 1 2 4 3 4 7 6 5 0
10	642	75424	218875	716	5230	300887	25	P: 0 1 2 6 7 12 13 11 9 8 10 12 10 11 10 8 3 1 3 4 2 4 7 6 5 0
10	568	75886	224838	666	5470	307428	25	P: 0 1 2 6 7 12 13 11 9 8 10 12 10 11 10 8 3 1 2 4 3 4 7 6 5 0
10	516	75828	11203434	1301	5394	11286473	25	P: 0 1 2 6 7 12 13 11 9 8 10 12 10 11 10 8 3 1 2 4 3 4 7 6 5 0
10	553	76308	219070	664	5191	301786	25	P: 0 1 2 6 7 12 13 11 9 8 10 12 10 11 10 8 3 1 2 4 3 4 7 6 5 0
10	512	75192	205291	619	5307	286921	25	P: 0 1 2 6 7 12 13 11 9 8 10 12 10 11 10 8 3 1 2 4 3 4 7 6 5 0
10	597	75480	213457	706	5485	295725	25	P: 0 1 2 6 7 12 13 11 9 8 10 12 10 11 10 8 3 1 2 4 3 4 7 6 5 0
10	516	75899	11095473	1010	5512	11178410	25	P: 0 1 2 6 7 12 13 11 9 8 10 12 10 11 10 8 3 1 2 4 3 4 7 6 5 0
10	592	75760	230616	687	5208	312863	25	P: 0 1 2 6 7 12 13 11 9 8 10 12 10 11 10 8 3 1 2 4 3 4 7 6 5 0
10	543	75611	212153	829	5271	294407	25	P: 0 1 2 6 7 12 13 11 9 8 10 11 10 12 7 4 3 8 3 1 2 4 2 6 5 0
10	529	76227	220528	684	5189	303157	25	P: 0 1 2 6 7 12 13 11 9 8 10 12 10 11 10 8 3 1 3 4 2 4 7 6 5 0
10	632	77644	208803	742	5299	293120	25	P: 0 1 2 6 7 12 13 11 9 8 10 12 10 11 10 8 3 1 3 4 2 4 7 6 5 0
10	635	81091	225753	715	5335	313529	25	P: 0 1 2 6 7 12 13 11 9 8 10 12 10 11 10 8 3 1 2 4 3 4 7 6 5 0
10	636	75976	225567	707	5188	308074	25	P: 0 1 2 6 7 12 13 11 9 8 10 12 10 11 10 8 3 1 3 4 2 4 7 6 5 0
10	579	75066	224605	763	5233	306246	25	P: 0 1 2 6 7 12 13 11 9 8 10 12 10 11 10 8 3 1 3 4 2 4 7 6 5 0
10	541	76085	230588	778	5121	313113	25	P: 0 1 2 6 7 12 13 11 9 8 10 12 10 11 10 8 3 1 3 4 2 4 7 6 5 0
10	611	123663	4049809	945	5962	4180990	25	P: 0 1 2 6 7 12 13 11 9 8 10 12 10 11 10 8 3 1 2 4 3 4 7 6 5 0
10	485	76329	3835358	1277	5859	3919308	25	P: 0 1 2 6 7 12 13 11 9 8 10 11 10 12 7 4 3 8 3 1 2 4 2 6 5 0
10	694	75957	216224	774	5144	298793	25	P: 0 1 2 6 7 12 13 11 9 8 10 12 10 11 10 8 3 1 3 4 2 4 7 6 5 0
10	558	75989	224182	726	5285	306740	25	P: 0 1 2 6 7 12 13 11 9 8 10 12 10 11 10 8 3 1 2 4 3 4 7 6 5 0
10	616	75616	11228622	980	5467	11311301	25	P: 0 1 2 6 7 12 13 11 9 8 10 12 10 11 10 8 3 1 2 4 3 4 7 6 5 0
10	618	76003	226696	605	5119	309041	25	P: 0 1 2 6 7 12 13 11 9 8 10 12 10 11 10 8 3 1 2 4 3 4 7 6 5 0
10	520	75016	232596	677	5190	313999	25	P: 0 1 2 6 7 12 13 11 9 8 10 12 10 11 10 8 3 1 3 4 2 4 7 6 5 0
10	518	76754	229342	673	5285	312572	25	P: 0 1 2 6 7 12 13 11 9 8 10 12 10 11 10 8 3 1 2 4 3 4 7 6 5 0
10	533	75644	214281	752	5115	296325	25	P: 0 1 2 6 7 12 13 11 9 8 10 12 10 11 10 8 3 1 2 4 3 4 7 6 5 0
10	525	75979	225089	752	5356	307701	25	P: 0 1 2 6 7 12 13 11 9 8 10 12 10 11 10 8 3 1 3 4 2 4 7 6 5 0
10	522	75268	219957	743	5125	301615	25	P: 0 1 2 6 7 12 13 11 9 8 10 12 10 11 10 8 3 1 3 4 2 4 7 6 5 0
10	552	75706	220466	697	5105	302526	25	P: 0 1 2 6 7 12 13 11 9 8 10 12 10 11 10 8 3 1 3 4 2 4 7 6 5 0
10	640	75700	203101	661	5291	285393	25	P: 0 1 2 6 7 12 13 11 9 8 10 12 10 11 10 8 3 1 2 4 3 4 7 6 5 0
10	574	77101	230687	837	5244	314443	25	P: 0 1 2 6 7 12 13 11 9 8 10 11 10 12 7 4 3 8 3 1 2 4 2 6 5 0
10	607	75175	228701	750	5135	310368	25	P: 0 1 2 6 7 12 13 11 9 8 10 12 10 11 10 8 3 1 3 4 2 4 7 6 5 0
10	621	75499	210750	672	5433	292975	25	P: 0 1 2 6 7 12 13 11 9 8 10 12 10 11 10 8 3 1 2 4 3 4 7 6 5 0
10	573	75870	227490	722	5279	309934	25	P: 0 1 2 6 7 12 13 11 9 8 10 12 10 11 10 8 3 1 3 4 2 4 7 6 5 0
10	549	75410	224253	803	5114	306129	25	P: 0 1 2 6 7 12 13 11 9 8 10 12 10 11 10 8 3 1 2 4 3 4 7 6 5 0
10	510	74966	248880	665	5200	330221	25	P: 0 1 2 6 7 12 13 11 9 8 10 12 10 11 10 8 3 1 2 4 3 4 7 6 5 0
10	563	75425	210867	704	5192	292751	25	P: 0 1 2 6 7 12 13 11 9 8 10 12 10 11 10 8 3 1 3 4 2 4 7 6 5 0
10	605	80640	223269	697	5297	310508	25	P: 0 1 2 6 7 12 13 11 9 8 10 12 10 11 10 8 3 1 3 4 2 4 7 6 5 0
10	576	75389	226447	712	5293	308417	25	P: 0 1 2 6 7 12 13 11 9 8 10 12 10 11 10 8 3 1 3 4 2 4 7 6 5 0
10	569	92764	232572	921	5197	332023	25	P: 0 1 2 6 7 12 13 11 9 8 10 11 10 12 7 4 3 8 3 1 2 4 2 6 5 0
10	588	75509	232273	615	5163	314148	25	P: 0 1 2 6 7 12 13 11 9 8 10 12 10 11 10 8 3 1 2 4 3 4 7 6 5 0
10	606	75214	209712	672	5177	291381	25	P: 0 1 2 6 7 12 13 11 9 8 10 12 10 11 10 8 3 1 2 4 3 4 7 6 5 0
10	567	75877	222972	670	5174	305260	25	P: 0 1 2 6 7 12 13 11 9 8 10 12 10 11 10 8 3 1 2 4 3 4 7 6 5 0
10	587	78094	224747	781	5033	309242	25	P: 0 1 2 6 7 12 13 11 9 8 10 12 10 11 10 8 3 1 3 4 2 4 7 6 5 0
10	530	75992	223944	699	5124	306289	25	P: 0 1 2 6 7 12 13 11 9 8 10 12 10 11 10 8 3 1 2 4 3 4 7 6 5 0
10	516	75690	208259	663	5032	290160	25	P: 0 1 2 6 7 12 13 11 9 8 10 12 10 11 10 8 3 1 3 4 2 4 7 6 5 0
10	531	75516	224662	790	5177	306676	25	P: 0 1 2 6 7 12 13 11 9 8 10 12 10 11 10 8 3 1 3 4 2 4 7 6 5 0
10	554	75691	225678	684	5056	307663	25	P: 0 1 2 6 7 12 13 11 9 8 10 12 10 11 10 8 3 1 3 4 2 4 7 6 5 0
10	643	75924	233925	709	5147	316348	25	P: 0 1 2 6 7 12 13 11 9 8 10 12 10 11 10 8 3 1 3 4 2 4 7 6 5 0
10	621	75513	222711	676	5294	304815	25	P: 0 1 2 6 7 12 13 11 9 8 10 12 10 11 10 8 3 1 2 4 3 4 7 6 5 0
10	528	76517	207198	671	5261	290175	25	P: 0 1 2 6 7 12 13 11 9 8 10 12 10 11 10 8 3 1 2 4 3 4 7 6 5 0
