n_odds	isEulerian	listPairs	listPairsCombinationsBase	modifyGraph	hierholzer	total_time	total_distance	path
16	689	303081	419149407	6419	14832	419474428	37	P: 0 1 2 6 7 12 13 18 19 17 19 18 16 14 16 17 15 14 9 8 10 12 13 11 10 11 9 8 3 1 3 4 2 4 7 6 5 0
16	533	248222	406252087	5979	15442	406522263	37	P: 0 1 2 6 7 12 13 18 19 17 15 14 16 17 16 18 13 11 9 14 9 8 10 11 10 12 7 4 3 8 3 1 3 4 2 6 5 0
16	631	264518	408353405	6742	15116	408640412	37	P: 0 1 2 6 7 12 13 18 19 17 19 18 16 14 16 17 15 14 9 8 10 12 13 11 10 11 9 8 3 1 2 4 3 4 7 6 5 0
16	532	253168	407854354	6508	15174	408129736	37	P: 0 1 2 6 7 12 13 18 19 17 15 14 16 17 16 18 13 11 9 14 9 8 10 11 10 12 7 4 3 8 3 1 2 4 2 6 5 0
16	597	275656	419914875	5017	15668	420211813	37	P: 0 1 2 6 7 12 13 18 19 17 15 14 16 17 16 18 13 11 9 14 9 8 10 11 10 12 7 4 3 8 3 1 3 4 2 6 5 0
16	608	261072	410340312	5518	15224	410622734	37	P: 0 1 2 6 7 12 13 18 19 17 15 14 16 17 16 18 13 11 9 14 9 8 10 11 10 12 7 4 3 8 3 1 3 4 2 6 5 0
16	624	261446	412509934	6722	15570	412794296	37	P: 0 1 2 6 7 12 13 18 19 17 15 14 16 17 16 18 13 11 9 14 9 8 10 11 10 12 7 4 3 8 3 1 3 4 2 6 5 0
16	650	360877	408275353	7027	15366	408659273	37	P: 0 1 2 6 7 12 13 18 19 17 19 18 16 14 16 17 15 14 9 8 10 12 13 11 10 11 9 8 3 1 2 4 3 4 7 6 5 0
16	622	261952	415707789	7040	15029	415992432	37	P: 0 1 2 6 7 12 13 18 19 17 15 14 16 17 16 18 13 11 9 14 9 8 10 11 10 12 7 4 3 8 3 1 2 4 2 6 5 0
16	545	276709	418285279	7044	15330	418584907	37	P: 0 1 2 6 7 12 13 18 19 17 19 18 16 14 16 17 15 14 9 8 10 12 13 11 10 11 9 8 3 1 3 4 2 4 7 6 5 0
16	618	254373	405763259	6288	15582	406040120	37	P: 0 1 2 6 7 12 13 18 19 17 15 14 16 17 16 18 13 11 9 14 9 8 10 11 10 12 7 4 3 8 3 1 3 4 2 6 5 0
16	718	251986	415929512	6323	15529	416204068	37	P: 0 1 2 6 7 12 13 18 19 17 15 14 16 17 16 18 13 11 9 14 9 8 10 11 10 12 7 4 3 8 3 1 2 4 2 6 5 0
16	574	247256	409662960	6575	15485	409932850	37	P: 0 1 2 6 7 12 13 18 19 17 15 14 16 17 16 18 13 11 9 14 9 8 10 11 10 12 7 4 3 8 3 1 2 4 2 6 5 0
16	597	280891	407184585	6605	15028	407487706	37	P: 0 1 2 6 7 12 13 18 19 17 19 18 16 14 16 17 15 14 9 8 10 12 13 11 10 11 9 8 3 1 2 4 3 4 7 6 5 0
16	613	249587	406807357	6276	15429	407079262	37	P: 0 1 2 6 7 12 13 18 19 17 15 14 16 17 16 18 13 11 9 14 9 8 10 11 10 12 7 4 3 8 3 1 2 4 2 6 5 0
16	595	282394	413363185	6400	15609	413668183	37	P: 0 1 2 6 7 12 13 18 19 17 15 14 16 17 16 18 13 11 9 14 9 8 10 11 10 12 7 4 3 8 3 1 2 4 2 6 5 0
16	637	263210	411474510	6762	14960	411760079	37	P: 0 1 2 6 7 12 13 18 19 17 19 18 16 14 16 17 15 14 9 8 10 12 13 11 10 11 9 8 3 1 2 4 3 4 7 6 5 0
16	677	246918	409179265	5949	14846	409447655	37	P: 0 1 2 6 7 12 13 18 19 17 15 14 16 17 16 18 13 11 9 14 9 8 10 11 10 12 7 4 3 8 3 1 3 4 2 6 5 0
16	707	247902	410899552	6536	15288	411169985	37	P: 0 1 2 6 7 12 13 18 19 17 19 18 16 14 16 17 15 14 9 8 10 12 13 11 10 11 9 8 3 1 2 4 3 4 7 6 5 0
16	633	247817	408925484	5777	14764	409194475	37	P: 0 1 2 6 7 12 13 18 19 17 19 18 16 14 16 17 15 14 9 8 10 12 13 11 10 11 9 8 3 1 2 4 3 4 7 6 5 0
16	645	253226	416520671	6922	15491	416796955	37	P: 0 1 2 6 7 12 13 18 19 17 15 14 16 17 16 18 13 11 9 14 9 8 10 11 10 12 7 4 3 8 3 1 2 4 2 6 5 0
16	564	247600	407370239	6464	15828	407640695	37	P: 0 1 2 6 7 12 13 18 19 17 15 14 16 17 16 18 13 11 9 14 9 8 10 11 10 12 7 4 3 8 3 1 2 4 2 6 5 0
16	637	247728	404616154	6585	15319	404886423	37	P: 0 1 2 6 7 12 13 18 19 17 15 14 16 17 16 18 13 11 9 14 9 8 10 11 10 12 7 4 3 8 3 1 3 4 2 6 5 0
16	663	359144	407327880	6505	15445	407709637	37	P: 0 1 2 6 7 12 13 18 19 17 19 18 16 14 16 17 15 14 9 8 10 12 13 11 10 11 9 8 3 1 3 4 2 4 7 6 5 0
16	688	260702	417007884	6652	15597	417291523	37	P: 0 1 2 6 7 12 13 18 19 17 19 18 16 14 16 17 15 14 9 8 10 12 13 11 10 11 9 8 3 1 3 4 2 4 7 6 5 0
16	683	282704	409916546	5636	15000	410220569	37	P: 0 1 2 6 7 12 13 18 19 17 15 14 16 17 16 18 13 11 9 14 9 8 10 11 10 12 7 4 3 8 3 1 3 4 2 6 5 0
16	594	247409	416978882	7013	15594	417249492	37	P: 0 1 2 6 7 12 13 18 19 17 15 14 16 17 16 18 13 11 9 14 9 8 10 11 10 12 7 4 3 8 3 1 2 4 2 6 5 0
16	548	247057	406082138	6238	15375	406351356	37	P: 0 1 2 6 7 12 13 18 19 17 15 14 16 17 16 18 13 11 9 14 9 8 10 11 10 12 7 4 3 8 3 1 2 4 2 6 5 0
16	642	248684	415585714	6959	15622	415857621	37	P: 0 1 2 6 7 12 13 18 19 17 15 14 16 17 16 18 13 11 9 14 9 8 10 11 10 12 7 4 3 8 3 1 2 4 2 6 5 0
16	596	258963	405894867	5950	15237	406175613	37	P: 0 1 2 6 7 12 13 18 19 17 15 14 16 17 16 18 13 11 9 14 9 8 10 11 10 12 7 4 3 8 3 1 2 4 2 6 5 0
16	607	269782	432488415	6858	14991	432780653	37	P: 0 1 2 6 7 12 13 18 19 17 19 18 16 14 16 17 15 14 9 8 10 12 13 11 10 11 9 8 3 1 2 4 3 4 7 6 5 0
16	612	247698	405750972	6654	15056	406020992	37	P: 0 1 2 6 7 12 13 18 19 17 19 18 16 14 16 17 15 14 9 8 10 12 13 11 10 11 9 8 3 1 3 4 2 4 7 6 5 0
16	620	255740	407055953	6657	15279	407334249	37	P: 0 1 2 6 7 12 13 18 19 17 15 14 16 17 16 18 13 11 9 14 9 8 10 11 10 12 7 4 3 8 3 1 2 4 2 6 5 0
16	595	246786	422619043	5832	15186	422887442	37	P: 0 1 2 6 7 12 13 18 19 17 15 14 16 17 16 18 13 11 9 14 9 8 10 11 10 12 7 4 3 8 3 1 2 4 2 6 5 0
16	533	259543	411626700	6522	15258	411908556	37	P: 0 1 2 6 7 12 13 18 19 17 15 14 16 17 16 18 13 11 9 14 9 8 10 11 10 12 7 4 3 8 3 1 2 4 2 6 5 0
16	640	247352	411516768	6011	15665	411786436	37	P: 0 1 2 6 7 12 13 18 19 17 15 14 16 17 16 18 13 11 9 14 9 8 10 11 10 12 7 4 3 8 3 1 2 4 2 6 5 0
16	625	290633	410102361	5645	15236	410414500	37	P: 0 1 2 6 7 12 13 18 19 17 15 14 16 17 16 18 13 11 9 14 9 8 10 11 10 12 7 4 3 8 3 1 3 4 2 6 5 0
16	555	281175	416165610	7065	15196	416469601	37	P: 0 1 2 6 7 12 13 18 19 17 15 14 16 17 16 18 13 11 9 14 9 8 10 11 10 12 7 4 3 8 3 1 2 4 2 6 5 0
16	764	377011	415014023	5702	14989	415412489	37	P: 0 1 2 6 7 12 13 18 19 17 15 14 16 17 16 18 13 11 9 14 9 8 10 11 10 12 7 4 3 8 3 1 3 4 2 6 5 0
16	768	246909	406448515	6641	15297	406718130	37	P: 0 1 2 6 7 12 13 18 19 17 15 14 16 17 16 18 13 11 9 14 9 8 10 11 10 12 7 4 3 8 3 1 2 4 2 6 5 0
16	542	273039	412034022	6726	15173	412329502	37	P: 0 1 2 6 7 12 13 18 19 17 15 14 16 17 16 18 13 11 9 14 9 8 10 11 10 12 7 4 3 8 3 1 3 4 2 6 5 0
16	583	295627	422638892	6248	15259	422956609	37	P: 0 1 2 6 7 12 13 18 19 17 15 14 16 17 16 18 13 11 9 14 9 8 10 11 10 12 7 4 3 8 3 1 2 4 2 6 5 0
16	643	307189	420795004	6154	14851	421123841	37	P: 0 1 2 6 7 12 13 18 19 17 19 18 16 14 16 17 15 14 9 8 10 12 13 11 10 11 9 8 3 1 3 4 2 4 7 6 5 0
16	626	250065	411467807	6006	14577	411739081	37	P: 0 1 2 6 7 12 13 18 19 17 19 18 16 14 16 17 15 14 9 8 10 12 13 11 10 11 9 8 3 1 2 4 3 4 7 6 5 0
16	613	261841	410036622	5233	14947	410319256	37	P: 0 1 2 6 7 12 13 18 19 17 15 14 16 17 16 18 13 11 9 14 9 8 10 11 10 12 7 4 3 8 3 1 2 4 2 6 5 0
16	702	247303	408832392	5421	15249	409101067	37	P: 0 1 2 6 7 12 13 18 19 17 19 18 16 14 16 17 15 14 9 8 10 12 13 11 10 11 9 8 3 1 2 4 3 4 7 6 5 0
16	714	343432	417818596	7331	15119	418185192	37	P: 0 1 2 6 7 12 13 18 19 17 15 14 16 17 16 18 13 11 9 14 9 8 10 11 10 12 7 4 3 8 3 1 2 4 2 6 5 0
16	621	247415	409598595	6560	15425	409868616	37	P: 0 1 2 6 7 12 13 18 19 17 19 18 16 14 16 17 15 14 9 8 10 12 13 11 10 11 9 8 3 1 2 4 3 4 7 6 5 0
16	655	254566	407642880	6440	14976	407919517	37	P: 0 1 2 6 7 12 13 18 19 17 15 14 16 17 16 18 13 11 9 14 9 8 10 11 10 12 7 4 3 8 3 1 2 4 2 6 5 0
16	742	332712	418822155	6587	15229	419177425	37	P: 0 1 2 6 7 12 13 18 19 17 15 14 16 17 16 18 13 11 9 14 9 8 10 11 10 12 7 4 3 8 3 1 3 4 2 6 5 0
