n_odds	isEulerian	listPairs	listPairsCombinationsBase	modifyGraph	hierholzer	total_time	total_distance	path
18	2165	1228785	23940732048	14711	13913825	23955891534	40	P: 0 20 21 5 0 1 2 6 5 6 7 12 13 18 19 17 15 14 16 17 16 18 13 11 9 14 9 8 10 11 10 12 7 4 2 4 3 8 3 1 0
18	1484	828709	23981040097	15652	13966185	23995852127	40	P: 0 20 21 5 0 1 2 6 5 6 7 12 13 18 19 17 15 14 16 17 16 18 13 11 9 14 9 8 10 11 10 12 7 4 2 4 3 8 3 1 0
18	2197	1208706	24768400076	15569	17599237	24787225785	40	P: 0 20 21 5 0 1 2 6 5 6 7 12 13 18 19 17 15 14 16 17 16 18 13 11 9 14 9 8 10 11 10 12 7 4 2 4 3 8 3 1 0
18	922	467298	23952706686	15518	17622761	23970813185	40	P: 0 20 21 5 0 1 2 6 5 6 7 12 13 18 19 17 15 14 16 17 16 18 13 11 9 14 9 8 10 11 10 12 7 4 2 4 3 8 3 1 0
18	1266	470964	24665625032	15617	17822644	24683935523	40	P: 0 20 21 5 0 1 2 6 5 6 7 12 13 18 19 17 15 14 16 17 16 18 13 11 9 14 9 8 10 11 10 12 7 4 2 4 3 8 3 1 0
18	1428	764045	23793498511	14972	13926932	23808205888	40	P: 0 20 21 5 0 1 2 6 5 6 7 12 13 18 19 17 15 14 16 17 16 18 13 11 9 14 9 8 10 11 10 12 7 4 2 4 3 8 3 1 0
18	2224	1212855	23737360617	14574	17744912	23756335182	40	P: 0 20 21 5 0 1 2 6 5 6 7 12 13 18 19 17 15 14 16 17 16 18 13 11 9 14 9 8 10 11 10 12 7 4 2 4 3 8 3 1 0
18	2037	1143815	24208813127	15806	17627296	24227602081	40	P: 0 20 21 5 0 1 2 6 5 6 7 12 13 18 19 17 15 14 16 17 16 18 13 11 9 14 9 8 10 11 10 12 7 4 2 4 3 8 3 1 0
18	2145	1222868	23641595419	14354	13971592	23656806378	40	P: 0 20 21 5 0 1 2 6 5 6 7 12 13 18 19 17 15 14 16 17 16 18 13 11 9 14 9 8 10 11 10 12 7 4 2 4 3 8 3 1 0
18	936	471216	24596957242	14846	13912063	24611356303	40	P: 0 20 21 5 0 1 2 6 5 6 7 12 13 18 19 17 15 14 16 17 16 18 13 11 9 14 9 8 10 11 10 12 7 4 2 4 3 8 3 1 0
18	1980	1142643	23697479615	14734	17801515	23716440487	40	P: 0 20 21 5 0 1 2 6 5 6 7 12 13 18 19 17 15 14 16 17 16 18 13 11 9 14 9 8 10 11 10 12 7 4 2 4 3 8 3 1 0
18	1169	487660	24840746269	14913	13792703	24855042714	40	P: 0 20 21 5 0 1 2 6 5 6 7 12 13 18 19 17 15 14 16 17 16 18 13 11 9 14 9 8 10 11 10 12 7 4 2 4 3 8 3 1 0
18	1261	469093	23971421103	15388	17549018	23989455863	40	P: 0 20 21 5 0 1 2 6 5 6 7 12 13 18 19 17 15 14 16 17 16 18 13 11 9 14 9 8 10 11 10 12 7 4 2 4 3 8 3 1 0
18	1526	840225	23737675533	15044	14013837	23752546165	40	P: 0 20 21 5 0 1 2 6 5 6 7 12 13 18 19 17 15 14 16 17 16 18 13 11 9 14 9 8 10 11 10 12 7 4 2 4 3 8 3 1 0
18	919	470385	24931284937	14922	18919539	24950690702	40	P: 0 20 21 5 0 1 2 6 5 6 7 12 13 18 19 17 15 14 16 17 16 18 13 11 9 14 9 8 10 11 10 12 7 4 2 4 3 8 3 1 0
18	1074	470753	23772431226	15155	13775216	23786693424	40	P: 0 20 21 5 0 1 2 6 5 6 7 12 13 18 19 17 15 14 16 17 16 18 13 11 9 14 9 8 10 11 10 12 7 4 2 4 3 8 3 1 0
18	1872	988315	24432725884	14777	13736359	24447467207	40	P: 0 20 21 5 0 1 2 6 5 6 7 12 13 18 19 17 15 14 16 17 16 18 13 11 9 14 9 8 10 11 10 12 7 4 2 4 3 8 3 1 0
18	1525	987382	24875413661	15290	17565803	24893983661	40	P: 0 20 21 5 0 1 2 6 5 6 7 12 13 18 19 17 15 14 16 17 16 18 13 11 9 14 9 8 10 11 10 12 7 4 2 4 3 8 3 1 0
18	1731	927953	23716635934	14779	14004870	23731585267	40	P: 0 20 21 5 0 1 2 6 5 6 7 12 13 18 19 17 15 14 16 17 16 18 13 11 9 14 9 8 10 11 10 12 7 4 2 4 3 8 3 1 0
18	2103	1210060	24052584438	15188	13806734	24067618523	40	P: 0 20 21 5 0 1 2 6 5 6 7 12 13 18 19 17 15 14 16 17 16 18 13 11 9 14 9 8 10 11 10 12 7 4 2 4 3 8 3 1 0
18	1837	1145650	23715159582	14937	13900031	23730222037	40	P: 0 20 21 5 0 1 2 6 5 6 7 12 13 18 19 17 15 14 16 17 16 18 13 11 9 14 9 8 10 11 10 12 7 4 2 4 3 8 3 1 0
18	2037	1097175	23723547002	15086	14005529	23738666829	40	P: 0 20 21 5 0 1 2 6 5 6 7 12 13 18 19 17 15 14 16 17 16 18 13 11 9 14 9 8 10 11 10 12 7 4 2 4 3 8 3 1 0
18	2234	1216151	24604751390	14882	17513567	24623498224	40	P: 0 20 21 5 0 1 2 6 5 6 7 12 13 18 19 17 15 14 16 17 16 18 13 11 9 14 9 8 10 11 10 12 7 4 2 4 3 8 3 1 0
18	1398	756075	23994702926	14927	14256829	24009732155	40	P: 0 20 21 5 0 1 2 6 5 6 7 12 13 18 19 17 15 14 16 17 16 18 13 11 9 14 9 8 10 11 10 12 7 4 2 4 3 8 3 1 0
18	2307	1312316	24655085988	14816	13878802	24670294229	40	P: 0 20 21 5 0 1 2 6 5 6 7 12 13 18 19 17 15 14 16 17 16 18 13 11 9 14 9 8 10 11 10 12 7 4 2 4 3 8 3 1 0
