n_odds	isEulerian	listPairs	listPairsCombinationsBase	modifyGraph	hierholzer	total_time	total_distance	path
18	2326	1314726	28932263571	238800	78146920	29011966343	40	P: 0 20 21 5 0 1 2 6 5 6 7 12 13 18 19 17 15 14 16 17 16 18 13 11 9 14 9 8 10 11 10 12 7 4 2 4 3 8 3 1 0
18	2183	1260755	30822708197	17257	18364636	30842353028	40	P: 0 20 21 5 0 1 2 6 5 6 7 12 13 18 19 17 15 14 16 17 16 18 13 11 9 14 9 8 10 11 10 12 7 4 2 4 3 8 3 1 0
18	2406	1320016	27786242091	14536	18936406	27806515455	40	P: 0 20 21 5 0 1 2 6 5 6 7 12 13 18 19 17 15 14 16 17 16 18 13 11 9 14 9 8 10 11 10 12 7 4 2 4 3 8 3 1 0
18	2274	1219485	27292232415	16990	18458197	27311929361	40	P: 0 20 21 5 0 1 2 6 5 6 7 12 13 18 19 17 15 14 16 17 16 18 13 11 9 14 9 8 10 11 10 12 7 4 2 4 3 8 3 1 0
18	2040	1126202	29773202595	60900	19397842	29793789579	40	P: 0 20 21 5 0 1 2 6 5 6 7 12 13 18 19 17 15 14 16 17 16 18 13 11 9 14 9 8 10 11 10 12 7 4 2 4 3 8 3 1 0
18	2267	1338143	28795465879	25480	33887511	28830719280	40	P: 0 20 21 5 0 1 2 6 5 6 7 12 13 18 19 17 15 14 16 17 16 18 13 11 9 14 9 8 10 11 10 12 7 4 2 4 3 8 3 1 0
18	2188	1217849	29945683634	14685	17337003	29964255359	40	P: 0 20 21 5 0 1 2 6 5 6 7 12 13 18 19 17 15 14 16 17 16 18 13 11 9 14 9 8 10 11 10 12 7 4 2 4 3 8 3 1 0
18	2290	1340616	29218487373	37740	33602370	29253470389	40	P: 0 20 21 5 0 1 2 6 5 6 7 12 13 18 19 17 15 14 16 17 16 18 13 11 9 14 9 8 10 11 10 12 7 4 2 4 3 8 3 1 0
18	2407	1308819	28898292827	14099	15113714	28914731866	40	P: 0 20 21 5 0 1 2 6 5 6 7 12 13 18 19 17 15 14 16 17 16 18 13 11 9 14 9 8 10 11 10 12 7 4 2 4 3 8 3 1 0
18	2026	1207981	27362884460	26857	37720709	27401842033	40	P: 0 20 21 5 0 1 2 6 5 6 7 12 13 18 19 17 15 14 16 17 16 18 13 11 9 14 9 8 10 11 10 12 7 4 2 4 3 8 3 1 0
18	2168	1228180	28231341601	14805	13773636	28246360390	40	P: 0 20 21 5 0 1 2 6 5 6 7 12 13 18 19 17 15 14 16 17 16 18 13 11 9 14 9 8 10 11 10 12 7 4 2 4 3 8 3 1 0
18	2394	1315589	29523032885	41323	49334907	29573727098	40	P: 0 20 21 5 0 1 2 6 5 6 7 12 13 18 19 17 15 14 16 17 16 18 13 11 9 14 9 8 10 11 10 12 7 4 2 4 3 8 3 1 0
18	2323	1213374	28952493968	25740	26281319	28980016724	40	P: 0 20 21 5 0 1 2 6 5 6 7 12 13 18 19 17 15 14 16 17 16 18 13 11 9 14 9 8 10 11 10 12 7 4 2 4 3 8 3 1 0
18	894	474418	27223590659	31120	26669965	27250767056	40	P: 0 20 21 5 0 1 2 6 5 6 7 12 13 18 19 17 15 14 16 17 16 18 13 11 9 14 9 8 10 11 10 12 7 4 2 4 3 8 3 1 0
18	2630	1130692	27403473508	96917	55083990	27459787737	40	P: 0 20 21 5 0 1 2 6 5 6 7 12 13 18 19 17 15 14 16 17 16 18 13 11 9 14 9 8 10 11 10 12 7 4 2 4 3 8 3 1 0
18	2237	1139417	28533736598	14395	14130342	28549022989	40	P: 0 20 21 5 0 1 2 6 5 6 7 12 13 18 19 17 15 14 16 17 16 18 13 11 9 14 9 8 10 11 10 12 7 4 2 4 3 8 3 1 0
18	1733	982849	30159522220	101034	27399057	30188006893	40	P: 0 20 21 5 0 1 2 6 5 6 7 12 13 18 19 17 15 14 16 17 16 18 13 11 9 14 9 8 10 11 10 12 7 4 2 4 3 8 3 1 0
18	1937	1127818	29955282710	24517	34024809	29990461791	40	P: 0 20 21 5 0 1 2 6 5 6 7 12 13 18 19 17 15 14 16 17 16 18 13 11 9 14 9 8 10 11 10 12 7 4 2 4 3 8 3 1 0
18	2471	1309667	30043565268	14571	17388320	30062280297	40	P: 0 20 21 5 0 1 2 6 5 6 7 12 13 18 19 17 15 14 16 17 16 18 13 11 9 14 9 8 10 11 10 12 7 4 2 4 3 8 3 1 0
18	2320	1318462	28730455398	15342	15297930	28747089452	40	P: 0 20 21 5 0 1 2 6 5 6 7 12 13 18 19 17 15 14 16 17 16 18 13 11 9 14 9 8 10 11 10 12 7 4 2 4 3 8 3 1 0
18	2187	1347315	28302983035	24750	33481088	28337838375	40	P: 0 20 21 5 0 1 2 6 5 6 7 12 13 18 19 17 15 14 16 17 16 18 13 11 9 14 9 8 10 11 10 12 7 4 2 4 3 8 3 1 0
18	2243	1315985	29855661996	14114	17410899	29874405237	40	P: 0 20 21 5 0 1 2 6 5 6 7 12 13 18 19 17 15 14 16 17 16 18 13 11 9 14 9 8 10 11 10 12 7 4 2 4 3 8 3 1 0
18	2323	1314652	28899209454	25903	33151653	28933703985	40	P: 0 20 21 5 0 1 2 6 5 6 7 12 13 18 19 17 15 14 16 17 16 18 13 11 9 14 9 8 10 11 10 12 7 4 2 4 3 8 3 1 0
18	2337	1321282	26629961086	14968	17819441	26649119114	40	P: 0 20 21 5 0 1 2 6 5 6 7 12 13 18 19 17 15 14 16 17 16 18 13 11 9 14 9 8 10 11 10 12 7 4 2 4 3 8 3 1 0
18	2043	1309825	30232559663	25040	33919885	30267816456	40	P: 0 20 21 5 0 1 2 6 5 6 7 12 13 18 19 17 15 14 16 17 16 18 13 11 9 14 9 8 10 11 10 12 7 4 2 4 3 8 3 1 0
