Solve V2
n_odds	isEulerian	listPairs	listPairsCombinationsBase	modifyGraph	hierholzer	total time	total distance	path
16	558	251644	812769168	3348	13596	813038314	37	P: 0 1 2 6 7 12 13 18 19 17 19 18 16 14 16 17 15 14 9 8 10 12 13 11 10 11 9 8 3 1 2 4 3 4 7 6 5 0
16	477	255488	810493322	6693	13606	810769586	37	P: 0 1 2 6 7 12 13 18 19 17 19 18 16 14 16 17 15 14 9 8 10 12 13 11 10 11 9 8 3 1 2 4 3 4 7 6 5 0
16	567	249923	805200678	4026	13647	805468841	37	P: 0 1 2 6 7 12 13 18 19 17 19 18 16 14 16 17 15 14 9 8 10 12 13 11 10 11 9 8 3 1 3 4 2 4 7 6 5 0
16	473	254951	815031732	3988	13946	815305090	37	P: 0 1 2 6 7 12 13 18 19 17 19 18 16 14 16 17 15 14 9 8 10 12 13 11 10 11 9 8 3 1 3 4 2 4 7 6 5 0
16	490	256225	814489168	3893	13800	814763576	37	P: 0 1 2 6 7 12 13 18 19 17 19 18 16 14 16 17 15 14 9 8 10 12 13 11 10 11 9 8 3 1 3 4 2 4 7 6 5 0
16	462	286189	816502563	3485	13541	816806240	37	P: 0 1 2 6 7 12 13 18 19 17 19 18 16 14 16 17 15 14 9 8 10 12 13 11 10 11 9 8 3 1 3 4 2 4 7 6 5 0
16	539	265778	787182283	3683	13861	787466144	37	P: 0 1 2 6 7 12 13 18 19 17 19 18 16 14 16 17 15 14 9 8 10 12 13 11 10 11 9 8 3 1 3 4 2 4 7 6 5 0
16	517	256995	794132985	3926	13758	794408181	37	P: 0 1 2 6 7 12 13 18 19 17 19 18 16 14 16 17 15 14 9 8 10 12 13 11 10 11 9 8 3 1 3 4 2 4 7 6 5 0
16	513	250150	806960720	3730	14021	807229134	37	P: 0 1 2 6 7 12 13 18 19 17 19 18 16 14 16 17 15 14 9 8 10 12 13 11 10 11 9 8 3 1 3 4 2 4 7 6 5 0
16	564	255371	815191679	3927	13060	815464601	37	P: 0 1 2 6 7 12 13 18 19 17 19 18 16 14 16 17 15 14 9 8 10 12 13 11 10 11 9 8 3 1 3 4 2 4 7 6 5 0
Solve V2
n_odds	isEulerian	listPairs	listPairsCombinationsBase	modifyGraph	hierholzer	total time	total distance	path
16	615	255530	843692937	5896	13923	843968901	37	P: 0 1 2 6 7 12 13 18 19 17 19 18 16 14 16 17 15 14 9 8 10 12 13 11 10 11 9 8 3 1 3 4 2 4 7 6 5 0
16	544	265479	864677279	6584	14455	864964341	37	P: 0 1 2 6 7 12 13 18 19 17 19 18 16 14 16 17 15 14 9 8 10 12 13 11 10 11 9 8 3 1 2 4 3 4 7 6 5 0
16	570	255077	852240782	6359	14150	852516938	37	P: 0 1 2 6 7 12 13 18 19 17 19 18 16 14 16 17 15 14 9 8 10 12 13 11 10 11 9 8 3 1 2 4 3 4 7 6 5 0
16	553	251244	844590550	10955	15420	844868722	37	P: 0 1 2 6 7 12 13 18 19 17 19 18 16 14 16 17 15 14 9 8 10 12 13 11 10 11 9 8 3 1 2 4 3 4 7 6 5 0
16	574	255098	850041257	6553	14682	850318164	37	P: 0 1 2 6 7 12 13 18 19 17 19 18 16 14 16 17 15 14 9 8 10 12 13 11 10 11 9 8 3 1 2 4 3 4 7 6 5 0
16	601	256191	837945088	4020	13619	838219519	37	P: 0 1 2 6 7 12 13 18 19 17 19 18 16 14 16 17 15 14 9 8 10 12 13 11 10 11 9 8 3 1 3 4 2 4 7 6 5 0
16	535	250574	847430814	6479	14792	847703194	37	P: 0 1 2 6 7 12 13 18 19 17 19 18 16 14 16 17 15 14 9 8 10 12 13 11 10 11 9 8 3 1 2 4 3 4 7 6 5 0
16	583	258355	849652905	5806	13654	849931303	37	P: 0 1 2 6 7 12 13 18 19 17 19 18 16 14 16 17 15 14 9 8 10 12 13 11 10 11 9 8 3 1 2 4 3 4 7 6 5 0
16	534	255835	857228806	6085	13997	857505257	37	P: 0 1 2 6 7 12 13 18 19 17 19 18 16 14 16 17 15 14 9 8 10 12 13 11 10 11 9 8 3 1 2 4 3 4 7 6 5 0
16	560	297013	852329045	6291	14163	852647072	37	P: 0 1 2 6 7 12 13 18 19 17 19 18 16 14 16 17 15 14 9 8 10 12 13 11 10 11 9 8 3 1 2 4 3 4 7 6 5 0
16	553	251604	843747922	6395	14019	844020493	37	P: 0 1 2 6 7 12 13 18 19 17 19 18 16 14 16 17 15 14 9 8 10 12 13 11 10 11 9 8 3 1 2 4 3 4 7 6 5 0
16	632	257487	853005594	7375	14732	853285820	37	P: 0 1 2 6 7 12 13 18 19 17 19 18 16 14 16 17 15 14 9 8 10 12 13 11 10 11 9 8 3 1 2 4 3 4 7 6 5 0
16	574	256287	819500807	3559	14303	819775530	37	P: 0 1 2 6 7 12 13 18 19 17 19 18 16 14 16 17 15 14 9 8 10 12 13 11 10 11 9 8 3 1 3 4 2 4 7 6 5 0
16	582	257423	827414995	6149	14157	827693306	37	P: 0 1 2 6 7 12 13 18 19 17 19 18 16 14 16 17 15 14 9 8 10 12 13 11 10 11 9 8 3 1 2 4 3 4 7 6 5 0
16	578	257108	834857780	6384	14064	835135914	37	P: 0 1 2 6 7 12 13 18 19 17 19 18 16 14 16 17 15 14 9 8 10 12 13 11 10 11 9 8 3 1 2 4 3 4 7 6 5 0
16	565	257539	847765614	6716	14433	848044867	37	P: 0 1 2 6 7 12 13 18 19 17 19 18 16 14 16 17 15 14 9 8 10 12 13 11 10 11 9 8 3 1 2 4 3 4 7 6 5 0
16	544	250222	826527308	3708	14067	826795849	37	P: 0 1 2 6 7 12 13 18 19 17 19 18 16 14 16 17 15 14 9 8 10 12 13 11 10 11 9 8 3 1 3 4 2 4 7 6 5 0
16	568	286316	824225447	4094	13436	824529861	37	P: 0 1 2 6 7 12 13 18 19 17 19 18 16 14 16 17 15 14 9 8 10 12 13 11 10 11 9 8 3 1 3 4 2 4 7 6 5 0
16	620	250484	842009033	3669	13696	842277502	37	P: 0 1 2 6 7 12 13 18 19 17 19 18 16 14 16 17 15 14 9 8 10 12 13 11 10 11 9 8 3 1 3 4 2 4 7 6 5 0
16	539	279285	837650869	6350	14091	837951134	37	P: 0 1 2 6 7 12 13 18 19 17 19 18 16 14 16 17 15 14 9 8 10 12 13 11 10 11 9 8 3 1 2 4 3 4 7 6 5 0
