n_odds	isEulerian	listPairs	time_tmp	time_for	listPairsCombinationsBase	modifyGraph	hierholzer	total_time	total_distance	path
10	512	75403	687958	42676	763976	1601	10480	851972	25	P: 0 1 2 6 7 12 13 11 9 8 10 11 10 12 7 4 3 8 3 1 2 4 7 6 5 0
10	587	78145	7572931	42478	7637687	1071	7428	7724918	25	P: 0 1 2 6 7 12 13 11 9 8 10 11 10 12 7 4 3 8 3 1 2 4 7 6 5 0
10	481	72784	6850226	42797	6914605	1162	7164	6996196	25	P: 0 1 2 6 7 12 13 11 9 8 10 11 10 12 7 4 3 8 3 1 2 4 7 6 5 0
10	516	77230	7743552	41900	7807214	1226	8200	7894386	25	P: 0 1 2 6 7 12 13 11 9 8 10 11 10 12 7 4 3 8 3 1 2 4 7 6 5 0
10	520	76393	7595113	41998	7658779	1023	7230	7743945	25	P: 0 1 2 6 7 12 13 11 9 8 10 12 10 11 10 8 3 1 2 4 3 4 7 6 5 0
10	575	75766	7610178	41705	7673571	969	7030	7757911	25	P: 0 1 2 6 7 12 13 11 9 8 10 12 10 11 10 8 3 1 2 4 3 4 7 6 5 0
10	546	80222	2860957	43632	2926004	986	6921	3014679	25	P: 0 1 2 6 7 12 13 11 9 8 10 12 10 11 10 8 3 1 2 4 3 4 7 6 5 0
10	586	73633	7837802	43127	7902284	1049	7510	7985062	25	P: 0 1 2 6 7 12 13 11 9 8 10 11 10 12 7 4 3 8 3 1 2 4 7 6 5 0
10	514	73014	570402	43968	637883	1191	6529	719131	25	P: 0 1 2 6 7 12 13 11 9 8 10 11 10 12 7 4 3 8 3 1 2 4 7 6 5 0
10	598	75354	12198090	41546	12259526	879	5517	12341874	25	P: 0 1 2 6 7 12 13 11 9 8 10 11 10 12 7 4 3 8 3 1 2 4 7 6 5 0
10	521	72319	576903	44008	644544	1139	6665	725188	25	P: 0 1 2 6 7 12 13 11 9 8 10 11 10 12 7 4 3 8 3 1 2 4 7 6 5 0
10	489	75627	1628820	41439	1691572	1015	7456	1776159	25	P: 0 1 2 6 7 12 13 11 9 8 10 12 10 11 10 8 3 1 2 4 3 4 7 6 5 0
10	561	72817	3158209	42086	3221221	1058	7386	3303043	25	P: 0 1 2 6 7 12 13 11 9 8 10 11 10 12 7 4 3 8 3 1 2 4 7 6 5 0
10	531	76758	7516719	42677	7580463	1101	7458	7666311	25	P: 0 1 2 6 7 12 13 11 9 8 10 11 10 12 7 4 3 8 3 1 2 4 7 6 5 0
10	513	92267	7663917	42184	7727726	1056	7452	7829014	25	P: 0 1 2 6 7 12 13 11 9 8 10 11 10 12 7 4 3 8 3 1 2 4 7 6 5 0
10	620	78100	12352930	44619	12421074	1021	8197	12509012	25	P: 0 1 2 6 7 12 13 11 9 8 10 12 10 11 10 8 3 1 2 4 3 4 7 6 5 0
10	551	75262	2412504	43398	2490095	1249	9046	2576203	25	P: 0 1 2 6 7 12 13 11 9 8 10 12 10 11 10 8 3 1 2 4 3 4 7 6 5 0
10	488	71646	7591364	42134	7655015	1218	8236	7736603	25	P: 0 1 2 6 7 12 13 11 9 8 10 11 10 12 7 4 3 8 3 1 2 4 7 6 5 0
10	558	73390	576975	42766	643268	987	6527	724730	25	P: 0 1 2 6 7 12 13 11 9 8 10 11 10 12 7 4 3 8 3 1 2 4 7 6 5 0
10	685	75892	3546530	43896	3611803	901	5334	3694615	25	P: 0 1 2 6 7 12 13 11 9 8 10 11 10 12 7 4 3 8 3 1 2 4 7 6 5 0
10	495	78947	560358	43496	626408	1070	6677	713597	25	P: 0 1 2 6 7 12 13 11 9 8 10 12 10 11 10 8 3 1 2 4 3 4 7 6 5 0
10	555	77098	7507473	42986	7571923	1137	7387	7658100	25	P: 0 1 2 6 7 12 13 11 9 8 10 11 10 12 7 4 3 8 3 1 2 4 7 6 5 0
10	647	75471	3461191	40282	3523170	1173	7061	3607522	25	P: 0 1 2 6 7 12 13 11 9 8 10 11 10 12 7 4 3 8 3 1 2 4 7 6 5 0
10	523	74615	15913222	43243	15979940	1242	8141	16064461	25	P: 0 1 2 6 7 12 13 11 9 8 10 11 10 12 7 4 3 8 3 1 2 4 7 6 5 0
10	514	74843	1642476	42042	1711838	1477	9312	1797984	25	P: 0 1 2 6 7 12 13 11 9 8 10 11 10 12 7 4 3 8 3 1 2 4 7 6 5 0
10	548	74572	546764	43806	614706	1141	6720	697687	25	P: 0 1 2 6 7 12 13 11 9 8 10 11 10 12 7 4 3 8 3 1 2 4 7 6 5 0
10	509	118245	589994	41027	654309	1383	8821	783267	25	P: 0 1 2 6 7 12 13 11 9 8 10 11 10 12 7 4 3 8 3 1 2 4 7 6 5 0
10	601	140938	1580673	43168	1645468	1063	7613	1795683	25	P: 0 1 2 6 7 12 13 11 9 8 10 11 10 12 7 4 3 8 3 1 2 4 7 6 5 0
10	489	76613	2643482	40698	2705652	1093	7221	2791068	25	P: 0 1 2 6 7 12 13 11 9 8 10 11 10 12 7 4 3 8 3 1 2 4 7 6 5 0
10	580	73091	877724	42366	941229	1104	6635	1022639	25	P: 0 1 2 6 7 12 13 11 9 8 10 11 10 12 7 4 3 8 3 1 2 4 7 6 5 0
10	526	77361	12308742	43895	12375680	1147	12225	12466939	25	P: 0 1 2 6 7 12 13 11 9 8 10 11 10 12 7 4 3 8 3 1 2 4 7 6 5 0
10	772	76030	1641332	44532	1708595	1138	6747	1793282	25	P: 0 1 2 6 7 12 13 11 9 8 10 11 10 12 7 4 3 8 3 1 2 4 7 6 5 0
10	539	76944	7740873	42209	7804055	1004	7441	7889983	25	P: 0 1 2 6 7 12 13 11 9 8 10 12 10 11 10 8 3 1 2 4 3 4 7 6 5 0
10	516	87729	12208521	42481	12271677	882	5282	12366086	25	P: 0 1 2 6 7 12 13 11 9 8 10 12 10 11 10 8 3 1 2 4 3 4 7 6 5 0
10	549	75576	7663046	43169	7739011	1677	10392	7827205	25	P: 0 1 2 6 7 12 13 11 9 8 10 11 10 12 7 4 3 8 3 1 2 4 7 6 5 0
10	547	73787	573912	40882	636203	1053	6452	718042	25	P: 0 1 2 6 7 12 13 11 9 8 10 11 10 12 7 4 3 8 3 1 2 4 7 6 5 0
10	546	76043	902527	42107	965552	1101	6764	1050006	25	P: 0 1 2 6 7 12 13 11 9 8 10 11 10 12 7 4 3 8 3 1 2 4 7 6 5 0
10	733	122312	7221306	42261	7285395	1438	7735	7417613	25	P: 0 1 2 6 7 12 13 11 9 8 10 12 10 11 10 8 3 1 2 4 3 4 7 6 5 0
10	576	107532	586823	41378	649751	1049	6767	765675	25	P: 0 1 2 6 7 12 13 11 9 8 10 11 10 12 7 4 3 8 3 1 2 4 7 6 5 0
10	588	74135	3075110	42134	3138439	999	7243	3221404	25	P: 0 1 2 6 7 12 13 11 9 8 10 12 10 11 10 8 3 1 2 4 3 4 7 6 5 0
10	571	76774	3629629	42830	3693085	984	6899	3778313	25	P: 0 1 2 6 7 12 13 11 9 8 10 12 10 11 10 8 3 1 2 4 3 4 7 6 5 0
10	611	73979	12187092	43801	12253620	1157	8511	12337878	25	P: 0 1 2 6 7 12 13 11 9 8 10 11 10 12 7 4 3 8 3 1 2 4 7 6 5 0
10	564	74806	7389008	42079	7452896	1117	7829	7537212	25	P: 0 1 2 6 7 12 13 11 9 8 10 11 10 12 7 4 3 8 3 1 2 4 7 6 5 0
10	595	75771	601333	42238	663919	1022	6584	747891	25	P: 0 1 2 6 7 12 13 11 9 8 10 12 10 11 10 8 3 1 2 4 3 4 7 6 5 0
10	535	78405	12360744	44046	12427402	1381	8364	12516087	25	P: 0 1 2 6 7 12 13 11 9 8 10 11 10 12 7 4 3 8 3 1 2 4 7 6 5 0
10	776	119770	7003225	43313	7067935	1026	7363	7196870	25	P: 0 1 2 6 7 12 13 11 9 8 10 12 10 11 10 8 3 1 2 4 3 4 7 6 5 0
10	571	75385	2439561	42201	2503327	1083	6443	2586809	25	P: 0 1 2 6 7 12 13 11 9 8 10 11 10 12 7 4 3 8 3 1 2 4 7 6 5 0
10	933	117535	7084012	44837	7154889	1307	7748	7282412	25	P: 0 1 2 6 7 12 13 11 9 8 10 11 10 12 7 4 3 8 3 1 2 4 7 6 5 0
10	556	77116	538382	42643	603186	1040	6755	688653	25	P: 0 1 2 6 7 12 13 11 9 8 10 11 10 12 7 4 3 8 3 1 2 4 7 6 5 0
10	597	77964	7414266	43201	7476903	917	6068	7562449	25	P: 0 1 2 6 7 12 13 11 9 8 10 11 10 12 7 4 3 8 3 1 2 4 7 6 5 0
