n_odds	isEulerian	listPairs	time_tmp	time_for	listPairsCombinationsBase	modifyGraph	hierholzer	total_time	total_distance	path
10	629	81562	494602	29617	554404	1139	5314	643048	25	P: 0 1 2 6 7 12 13 11 9 8 10 11 10 12 7 4 3 8 3 1 2 4 7 6 5 0
10	613	82649	471205	28751	522203	1117	5675	612257	25	P: 0 1 2 6 7 12 13 11 9 8 10 11 10 12 7 4 3 8 3 1 2 4 7 6 5 0
10	658	80454	462299	26337	510576	980	5277	597945	25	P: 0 1 2 6 7 12 13 11 9 8 10 12 10 11 10 8 3 1 2 4 3 4 7 6 5 0
10	579	79813	558752	29756	610607	1089	5276	697364	25	P: 0 1 2 6 7 12 13 11 9 8 10 11 10 12 7 4 3 8 3 1 2 4 7 6 5 0
10	616	82850	480903	30821	534595	1133	5205	624399	25	P: 0 1 2 6 7 12 13 11 9 8 10 11 10 12 7 4 3 8 3 1 2 4 7 6 5 0
10	636	82559	479227	27543	529037	1190	6860	620282	25	P: 0 1 2 6 7 12 13 11 9 8 10 12 10 11 10 8 3 1 2 4 3 4 7 6 5 0
10	619	82438	462792	28819	514235	1008	5205	603505	25	P: 0 1 2 6 7 12 13 11 9 8 10 12 10 11 10 8 3 1 2 4 3 4 7 6 5 0
10	597	82932	468408	29537	521205	943	5065	610742	25	P: 0 1 2 6 7 12 13 11 9 8 10 12 10 11 10 8 3 1 2 4 3 4 7 6 5 0
10	543	80733	469178	28866	519318	862	5337	606793	25	P: 0 1 2 6 7 12 13 11 9 8 10 11 10 12 7 4 3 8 3 1 2 4 7 6 5 0
10	888	82420	489753	28660	540277	1930	5711	631226	25	P: 0 1 2 6 7 12 13 11 9 8 10 12 10 11 10 8 3 1 2 4 3 4 7 6 5 0
10	668	84016	11555606	31045	11611340	2213	5726	11703963	25	P: 0 1 2 6 7 12 13 11 9 8 10 12 10 11 10 8 3 1 2 4 3 4 7 6 5 0
10	558	84491	474980	29644	527113	960	5194	618316	25	P: 0 1 2 6 7 12 13 11 9 8 10 12 10 11 10 8 3 1 2 4 3 4 7 6 5 0
10	570	79127	479258	28250	529070	1011	5321	615099	25	P: 0 1 2 6 7 12 13 11 9 8 10 12 10 11 10 8 3 1 2 4 3 4 7 6 5 0
10	600	80296	483857	29435	534539	983	5216	621634	25	P: 0 1 2 6 7 12 13 11 9 8 10 12 10 11 10 8 3 1 2 4 3 4 7 6 5 0
10	615	81641	11327850	28852	11383138	2318	5702	11473414	25	P: 0 1 2 6 7 12 13 11 9 8 10 12 10 11 10 8 3 1 2 4 3 4 7 6 5 0
10	637	77941	472925	28405	524090	1150	5625	609443	25	P: 0 1 2 6 7 12 13 11 9 8 10 11 10 12 7 4 3 8 3 1 2 4 7 6 5 0
10	544	81357	499843	30818	553288	1267	5386	641842	25	P: 0 1 2 6 7 12 13 11 9 8 10 11 10 12 7 4 3 8 3 1 2 4 7 6 5 0
10	602	78010	467572	28456	518748	1150	5190	603700	25	P: 0 1 2 6 7 12 13 11 9 8 10 11 10 12 7 4 3 8 3 1 2 4 7 6 5 0
10	564	80715	467961	29370	519855	1145	5175	607454	25	P: 0 1 2 6 7 12 13 11 9 8 10 11 10 12 7 4 3 8 3 1 2 4 7 6 5 0
10	624	81367	485532	27476	534684	956	5243	622874	25	P: 0 1 2 6 7 12 13 11 9 8 10 12 10 11 10 8 3 1 2 4 3 4 7 6 5 0
10	547	81523	468138	28840	518654	1109	5233	607066	25	P: 0 1 2 6 7 12 13 11 9 8 10 11 10 12 7 4 3 8 3 1 2 4 7 6 5 0
10	610	83273	506565	27737	554428	725	5426	644462	25	P: 0 1 2 6 7 12 13 11 9 8 10 12 10 11 10 8 3 1 2 4 3 4 7 6 5 0
10	642	81064	479947	28731	528367	903	5396	616372	25	P: 0 1 2 6 7 12 13 11 9 8 10 11 10 12 7 4 3 8 3 1 2 4 7 6 5 0
10	667	80737	463043	28763	514935	988	5136	602463	25	P: 0 1 2 6 7 12 13 11 9 8 10 12 10 11 10 8 3 1 2 4 3 4 7 6 5 0
10	562	82321	492178	30485	551549	1372	6263	642067	25	P: 0 1 2 6 7 12 13 11 9 8 10 11 10 12 7 4 3 8 3 1 2 4 7 6 5 0
10	648	83451	467446	27171	515971	907	5153	606130	25	P: 0 1 2 6 7 12 13 11 9 8 10 12 10 11 10 8 3 1 2 4 3 4 7 6 5 0
10	590	82731	5704007	29680	5757867	2230	6619	5850037	25	P: 0 1 2 6 7 12 13 11 9 8 10 11 10 12 7 4 3 8 3 1 2 4 7 6 5 0
10	566	81256	1425646	28817	1474611	1085	6134	1563652	25	P: 0 1 2 6 7 12 13 11 9 8 10 11 10 12 7 4 3 8 3 1 2 4 7 6 5 0
10	626	80692	467392	27710	516608	1084	5157	604167	25	P: 0 1 2 6 7 12 13 11 9 8 10 11 10 12 7 4 3 8 3 1 2 4 7 6 5 0
10	679	83684	8481729	27618	8531620	965	5174	8622122	25	P: 0 1 2 6 7 12 13 11 9 8 10 12 10 11 10 8 3 1 2 4 3 4 7 6 5 0
10	610	80164	4490552	30589	4542446	901	6107	4630228	25	P: 0 1 2 6 7 12 13 11 9 8 10 11 10 12 7 4 3 8 3 1 2 4 7 6 5 0
10	571	82550	464021	28618	515210	1126	5139	604596	25	P: 0 1 2 6 7 12 13 11 9 8 10 11 10 12 7 4 3 8 3 1 2 4 7 6 5 0
10	639	81965	465719	30626	518684	1157	5158	607603	25	P: 0 1 2 6 7 12 13 11 9 8 10 11 10 12 7 4 3 8 3 1 2 4 7 6 5 0
10	565	82177	473744	29123	525650	1008	5179	614579	25	P: 0 1 2 6 7 12 13 11 9 8 10 12 10 11 10 8 3 1 2 4 3 4 7 6 5 0
10	611	82677	475034	28310	524808	964	5332	614392	25	P: 0 1 2 6 7 12 13 11 9 8 10 12 10 11 10 8 3 1 2 4 3 4 7 6 5 0
10	588	129086	11288954	27931	11338986	2110	5504	11476274	25	P: 0 1 2 6 7 12 13 11 9 8 10 11 10 12 7 4 3 8 3 1 2 4 7 6 5 0
10	616	81859	492250	29090	544921	1268	5210	633874	25	P: 0 1 2 6 7 12 13 11 9 8 10 12 10 11 10 8 3 1 2 4 3 4 7 6 5 0
10	629	83793	455186	28407	506644	1064	5316	597446	25	P: 0 1 2 6 7 12 13 11 9 8 10 11 10 12 7 4 3 8 3 1 2 4 7 6 5 0
10	637	83670	457713	30035	511456	1222	5351	602336	25	P: 0 1 2 6 7 12 13 11 9 8 10 11 10 12 7 4 3 8 3 1 2 4 7 6 5 0
10	727	81683	484837	29884	536406	1492	5257	625565	25	P: 0 1 2 6 7 12 13 11 9 8 10 11 10 12 7 4 3 8 3 1 2 4 7 6 5 0
10	616	80834	461797	27310	510943	919	5151	598463	25	P: 0 1 2 6 7 12 13 11 9 8 10 12 10 11 10 8 3 1 2 4 3 4 7 6 5 0
10	605	122030	15210802	30906	15266372	1958	6433	15397398	25	P: 0 1 2 6 7 12 13 11 9 8 10 12 10 11 10 8 3 1 2 4 3 4 7 6 5 0
10	627	81361	469555	29909	522593	1174	5255	611010	25	P: 0 1 2 6 7 12 13 11 9 8 10 11 10 12 7 4 3 8 3 1 2 4 7 6 5 0
10	625	79985	468611	29222	520626	1033	5169	607438	25	P: 0 1 2 6 7 12 13 11 9 8 10 12 10 11 10 8 3 1 2 4 3 4 7 6 5 0
10	568	77986	461429	27734	510847	947	5213	595561	25	P: 0 1 2 6 7 12 13 11 9 8 10 12 10 11 10 8 3 1 2 4 3 4 7 6 5 0
10	603	80189	500561	160213	683350	1759	5664	771565	25	P: 0 1 2 6 7 12 13 11 9 8 10 12 10 11 10 8 3 1 2 4 3 4 7 6 5 0
10	606	78965	499678	29915	552526	1236	5877	639210	25	P: 0 1 2 6 7 12 13 11 9 8 10 11 10 12 7 4 3 8 3 1 2 4 7 6 5 0
10	608	79905	466249	29282	518109	1171	5172	604965	25	P: 0 1 2 6 7 12 13 11 9 8 10 11 10 12 7 4 3 8 3 1 2 4 7 6 5 0
10	664	78556	462421	29885	515034	1084	5425	600763	25	P: 0 1 2 6 7 12 13 11 9 8 10 11 10 12 7 4 3 8 3 1 2 4 7 6 5 0
10	632	82489	574194	29225	625464	2930	5895	717410	25	P: 0 1 2 6 7 12 13 11 9 8 10 12 10 11 10 8 3 1 2 4 3 4 7 6 5 0
