Solve V2
n_odds	isEulerian	listPairs	listPairsCombinationsBase	modifyGraph	hierholzer	total time	total distance	path
20	651	432415	225263796153	6901	204440945	225468677065	44	P: 0 20 22 23 21 20 21 5 0 1 2 6 5 6 7 12 13 18 19 17 15 14 16 17 16 18 13 11 9 14 9 8 10 11 10 12 7 4 2 4 3 8 3 1 0
20	558	455423	223955423782	8116	193293080	224149180959	44	P: 0 20 22 23 21 20 21 5 0 1 2 6 5 6 7 12 13 18 19 17 15 14 16 17 16 18 13 11 9 14 9 8 10 11 10 12 7 4 2 4 3 8 3 1 0
20	568	453732	223325383798	7608	190340281	223516185987	44	P: 0 20 22 23 21 20 21 5 0 1 2 6 5 6 7 12 13 18 19 17 15 14 16 17 16 18 13 11 9 14 9 8 10 11 10 12 7 4 2 4 3 8 3 1 0
20	553	453469	222763398348	7895	213439657	222977299922	44	P: 0 20 22 23 21 20 21 5 0 1 2 6 5 6 7 12 13 18 19 17 15 14 16 17 16 18 13 11 9 14 9 8 10 11 10 12 7 4 2 4 3 8 3 1 0
20	536	453161	222410177910	7291	191454734	222602093632	44	P: 0 20 22 23 21 20 21 5 0 1 2 6 5 6 7 12 13 18 19 17 15 14 16 17 16 18 13 11 9 14 9 8 10 11 10 12 7 4 2 4 3 8 3 1 0
20	551	453280	222813905326	7013	210135704	223024501874	44	P: 0 20 22 23 21 20 21 5 0 1 2 6 5 6 7 12 13 18 19 17 15 14 16 17 16 18 13 11 9 14 9 8 10 11 10 12 7 4 2 4 3 8 3 1 0
20	538	454039	222079567254	7439	196156356	222276185626	44	P: 0 20 22 23 21 20 21 5 0 1 2 6 5 6 7 12 13 18 19 17 15 14 16 17 16 18 13 11 9 14 9 8 10 11 10 12 7 4 2 4 3 8 3 1 0
20	522	454911	222417725653	7684	210342448	222628531218	44	P: 0 20 22 23 21 20 21 5 0 1 2 6 5 6 7 12 13 18 19 17 15 14 16 17 16 18 13 11 9 14 9 8 10 11 10 12 7 4 2 4 3 8 3 1 0
20	547	453330	221918672109	7425	190784504	222109917915	44	P: 0 20 22 23 21 20 21 5 0 1 2 6 5 6 7 12 13 18 19 17 15 14 16 17 16 18 13 11 9 14 9 8 10 11 10 12 7 4 2 4 3 8 3 1 0
20	569	453009	221970189415	7514	191937526	222162588033	44	P: 0 20 22 23 21 20 21 5 0 1 2 6 5 6 7 12 13 18 19 17 15 14 16 17 16 18 13 11 9 14 9 8 10 11 10 12 7 4 2 4 3 8 3 1 0
Solve V2
n_odds	isEulerian	listPairs	listPairsCombinationsBase	modifyGraph	hierholzer	total time	total distance	path
20	2423	1785272	230202865550	7022	198841202	230403501469	44	P: 0 20 22 23 21 20 21 5 0 1 2 6 5 6 7 12 13 18 19 17 15 14 16 17 16 18 13 11 9 14 9 8 10 11 10 12 7 4 2 4 3 8 3 1 0
20	507	454600	228955482307	7428	192776905	229148721747	44	P: 0 20 22 23 21 20 21 5 0 1 2 6 5 6 7 12 13 18 19 17 15 14 16 17 16 18 13 11 9 14 9 8 10 11 10 12 7 4 2 4 3 8 3 1 0
20	564	453743	228453001874	7558	231712886	228685176625	44	P: 0 20 22 23 21 20 21 5 0 1 2 6 5 6 7 12 13 18 19 17 15 14 16 17 16 18 13 11 9 14 9 8 10 11 10 12 7 4 2 4 3 8 3 1 0
20	557	489581	228676826067	7429	197065849	228874389483	44	P: 0 20 22 23 21 20 21 5 0 1 2 6 5 6 7 12 13 18 19 17 15 14 16 17 16 18 13 11 9 14 9 8 10 11 10 12 7 4 2 4 3 8 3 1 0
20	586	458843	228492977543	7527	200835271	228694279770	44	P: 0 20 22 23 21 20 21 5 0 1 2 6 5 6 7 12 13 18 19 17 15 14 16 17 16 18 13 11 9 14 9 8 10 11 10 12 7 4 2 4 3 8 3 1 0
20	494	455871	228322357102	7327	225953642	228548774436	44	P: 0 20 22 23 21 20 21 5 0 1 2 6 5 6 7 12 13 18 19 17 15 14 16 17 16 18 13 11 9 14 9 8 10 11 10 12 7 4 2 4 3 8 3 1 0
20	523	456171	228106030664	7970	193383209	228299878537	44	P: 0 20 22 23 21 20 21 5 0 1 2 6 5 6 7 12 13 18 19 17 15 14 16 17 16 18 13 11 9 14 9 8 10 11 10 12 7 4 2 4 3 8 3 1 0
20	563	453348	228110744137	7641	187904967	228299110656	44	P: 0 20 22 23 21 20 21 5 0 1 2 6 5 6 7 12 13 18 19 17 15 14 16 17 16 18 13 11 9 14 9 8 10 11 10 12 7 4 2 4 3 8 3 1 0
20	549	451962	228226403704	7498	228877240	228455740953	44	P: 0 20 22 23 21 20 21 5 0 1 2 6 5 6 7 12 13 18 19 17 15 14 16 17 16 18 13 11 9 14 9 8 10 11 10 12 7 4 2 4 3 8 3 1 0
20	509	458332	228414640926	7190	218351125	228633458082	44	P: 0 20 22 23 21 20 21 5 0 1 2 6 5 6 7 12 13 18 19 17 15 14 16 17 16 18 13 11 9 14 9 8 10 11 10 12 7 4 2 4 3 8 3 1 0
20	644	457043	230045573799	7529	193460812	230239499827	44	P: 0 20 22 23 21 20 21 5 0 1 2 6 5 6 7 12 13 18 19 17 15 14 16 17 16 18 13 11 9 14 9 8 10 11 10 12 7 4 2 4 3 8 3 1 0
20	537	457474	230245675790	7583	189955351	230436096735	44	P: 0 20 22 23 21 20 21 5 0 1 2 6 5 6 7 12 13 18 19 17 15 14 16 17 16 18 13 11 9 14 9 8 10 11 10 12 7 4 2 4 3 8 3 1 0
20	535	455401	229749512102	7475	214932635	229964908148	44	P: 0 20 22 23 21 20 21 5 0 1 2 6 5 6 7 12 13 18 19 17 15 14 16 17 16 18 13 11 9 14 9 8 10 11 10 12 7 4 2 4 3 8 3 1 0
20	492	454247	230127016508	7574	191065441	230318544262	44	P: 0 20 22 23 21 20 21 5 0 1 2 6 5 6 7 12 13 18 19 17 15 14 16 17 16 18 13 11 9 14 9 8 10 11 10 12 7 4 2 4 3 8 3 1 0
20	653	454798	230805382863	7619	194891572	231000737505	44	P: 0 20 22 23 21 20 21 5 0 1 2 6 5 6 7 12 13 18 19 17 15 14 16 17 16 18 13 11 9 14 9 8 10 11 10 12 7 4 2 4 3 8 3 1 0
20	527	459940	230093794444	7557	208598362	230302860830	44	P: 0 20 22 23 21 20 21 5 0 1 2 6 5 6 7 12 13 18 19 17 15 14 16 17 16 18 13 11 9 14 9 8 10 11 10 12 7 4 2 4 3 8 3 1 0
20	557	454853	229659173099	7763	226650062	229886286334	44	P: 0 20 22 23 21 20 21 5 0 1 2 6 5 6 7 12 13 18 19 17 15 14 16 17 16 18 13 11 9 14 9 8 10 11 10 12 7 4 2 4 3 8 3 1 0
20	489	455483	229580305432	7261	200377481	229781146146	44	P: 0 20 22 23 21 20 21 5 0 1 2 6 5 6 7 12 13 18 19 17 15 14 16 17 16 18 13 11 9 14 9 8 10 11 10 12 7 4 2 4 3 8 3 1 0
20	545	455213	229482030467	8524	222029433	229704524182	44	P: 0 20 22 23 21 20 21 5 0 1 2 6 5 6 7 12 13 18 19 17 15 14 16 17 16 18 13 11 9 14 9 8 10 11 10 12 7 4 2 4 3 8 3 1 0
20	549	454196	229664133286	7132	198093696	229862688859	44	P: 0 20 22 23 21 20 21 5 0 1 2 6 5 6 7 12 13 18 19 17 15 14 16 17 16 18 13 11 9 14 9 8 10 11 10 12 7 4 2 4 3 8 3 1 0
