n_odds	isEulerian	listPairs	time_tmp	time_for	listPairsCombinationsBase	modifyGraph	hierholzer	total_time	total_distance	path
6	538	22340	3276	212	4695	372	4013	31958	16	P: 0 5 9 8 0 1 2 6 5 6 7 4 2 4 3 1 0
6	511	22201	3070	179	4436	409	4094	31651	16	P: 0 5 9 8 0 1 2 6 5 6 7 4 2 4 3 1 0
6	508	22670	3249	209	4595	362	3934	32069	16	P: 0 5 9 8 0 1 2 6 5 6 7 4 2 4 3 1 0
6	521	22156	3213	213	4601	395	3946	31619	16	P: 0 5 9 8 0 1 2 6 5 6 7 4 2 4 3 1 0
6	495	22154	3174	216	4577	328	3996	31550	16	P: 0 5 9 8 0 1 2 6 5 6 7 4 2 4 3 1 0
6	526	22256	3407	216	4787	313	3912	31794	16	P: 0 5 9 8 0 1 2 6 5 6 7 4 2 4 3 1 0
6	547	22711	3150	242	4497	341	4052	32148	16	P: 0 5 9 8 0 1 2 6 5 6 7 4 2 4 3 1 0
6	493	22216	3174	195	4551	344	4079	31683	16	P: 0 5 9 8 0 1 2 6 5 6 7 4 2 4 3 1 0
6	475	22340	3045	220	4344	338	3810	31307	16	P: 0 5 9 8 0 1 2 6 5 6 7 4 2 4 3 1 0
6	483	22279	3457	218	4986	357	3919	32024	16	P: 0 5 9 8 0 1 2 6 5 6 7 4 2 4 3 1 0
6	625	23421	3461	219	4900	377	4188	33511	16	P: 0 5 9 8 0 1 2 6 5 6 7 4 2 4 3 1 0
6	507	22990	3163	208	4493	398	4332	32720	16	P: 0 5 9 8 0 1 2 6 5 6 7 4 2 4 3 1 0
6	436	22266	3208	213	4526	316	3941	31485	16	P: 0 5 9 8 0 1 2 6 5 6 7 4 2 4 3 1 0
6	535	22037	3067	201	4345	345	3843	31105	16	P: 0 5 9 8 0 1 2 6 5 6 7 4 2 4 3 1 0
6	528	22298	3034	201	4336	345	3874	31381	16	P: 0 5 9 8 0 1 2 6 5 6 7 4 2 4 3 1 0
6	519	21653	3224	227	4618	348	3981	31119	16	P: 0 5 9 8 0 1 2 6 5 6 7 4 2 4 3 1 0
6	422	22765	3391	215	4698	342	3955	32182	16	P: 0 5 9 8 0 1 2 6 5 6 7 4 2 4 3 1 0
6	422	26413	29991	234	31438	725	23109	82107	16	P: 0 5 9 8 0 1 2 6 5 6 7 4 2 4 3 1 0
6	550	22213	3311	230	4684	374	4087	31908	16	P: 0 5 9 8 0 1 2 6 5 6 7 4 2 4 3 1 0
6	534	22226	3135	206	4699	359	4183	32001	16	P: 0 5 9 8 0 1 2 6 5 6 7 4 2 4 3 1 0
6	612	22380	3219	218	4520	352	3888	31752	16	P: 0 5 9 8 0 1 2 6 5 6 7 4 2 4 3 1 0
6	490	22085	3124	196	4431	339	3847	31192	16	P: 0 5 9 8 0 1 2 6 5 6 7 4 2 4 3 1 0
6	506	22444	3481	248	5106	355	4253	32664	16	P: 0 5 9 8 0 1 2 6 5 6 7 4 2 4 3 1 0
6	528	22052	3202	204	4714	379	4132	31805	16	P: 0 5 9 8 0 1 2 6 5 6 7 4 2 4 3 1 0
6	550	22204	3541	209	4878	356	3907	31895	16	P: 0 5 9 8 0 1 2 6 5 6 7 4 2 4 3 1 0
6	511	22111	3082	197	4399	355	3903	31279	16	P: 0 5 9 8 0 1 2 6 5 6 7 4 2 4 3 1 0
6	535	22446	3298	207	4670	348	3964	31963	16	P: 0 5 9 8 0 1 2 6 5 6 7 4 2 4 3 1 0
6	763	22127	3116	205	4746	375	3918	31929	16	P: 0 5 9 8 0 1 2 6 5 6 7 4 2 4 3 1 0
6	543	21912	3602	201	4876	388	4039	31758	16	P: 0 5 9 8 0 1 2 6 5 6 7 4 2 4 3 1 0
6	415	22447	3137	261	4556	374	3916	31708	16	P: 0 5 9 8 0 1 2 6 5 6 7 4 2 4 3 1 0
6	524	22090	3131	192	4501	390	3953	31458	16	P: 0 5 9 8 0 1 2 6 5 6 7 4 2 4 3 1 0
6	443	21855	3089	197	4417	367	4048	31130	16	P: 0 5 9 8 0 1 2 6 5 6 7 4 2 4 3 1 0
6	502	22444	3473	207	4839	338	3937	32060	16	P: 0 5 9 8 0 1 2 6 5 6 7 4 2 4 3 1 0
6	400	22024	3182	220	4522	339	3917	31202	16	P: 0 5 9 8 0 1 2 6 5 6 7 4 2 4 3 1 0
6	474	22299	3614	194	4933	364	4222	32292	16	P: 0 5 9 8 0 1 2 6 5 6 7 4 2 4 3 1 0
6	420	21993	3183	200	4484	343	4055	31295	16	P: 0 5 9 8 0 1 2 6 5 6 7 4 2 4 3 1 0
6	418	22077	3545	224	5192	349	4045	32081	16	P: 0 5 9 8 0 1 2 6 5 6 7 4 2 4 3 1 0
6	446	22142	3226	190	4548	334	4125	31595	16	P: 0 5 9 8 0 1 2 6 5 6 7 4 2 4 3 1 0
6	577	22374	3623	202	4999	344	3961	32255	16	P: 0 5 9 8 0 1 2 6 5 6 7 4 2 4 3 1 0
6	508	22157	3198	194	4554	325	3832	31376	16	P: 0 5 9 8 0 1 2 6 5 6 7 4 2 4 3 1 0
6	503	22034	3204	197	4495	335	4020	31387	16	P: 0 5 9 8 0 1 2 6 5 6 7 4 2 4 3 1 0
6	509	22488	3083	201	4470	333	3822	31622	16	P: 0 5 9 8 0 1 2 6 5 6 7 4 2 4 3 1 0
6	544	21758	3209	205	4549	347	3844	31042	16	P: 0 5 9 8 0 1 2 6 5 6 7 4 2 4 3 1 0
6	717	49719	3251	206	4591	505	3907	59439	16	P: 0 5 9 8 0 1 2 6 5 6 7 4 2 4 3 1 0
6	549	22148	3047	184	4355	401	3871	31324	16	P: 0 5 9 8 0 1 2 6 5 6 7 4 2 4 3 1 0
6	579	22128	3244	212	4599	363	3950	31619	16	P: 0 5 9 8 0 1 2 6 5 6 7 4 2 4 3 1 0
6	534	22354	3166	217	4526	356	4173	31943	16	P: 0 5 9 8 0 1 2 6 5 6 7 4 2 4 3 1 0
6	486	22089	3126	215	4486	337	3980	31378	16	P: 0 5 9 8 0 1 2 6 5 6 7 4 2 4 3 1 0
6	471	47792	3709	213	5063	340	4496	58162	16	P: 0 5 9 8 0 1 2 6 5 6 7 4 2 4 3 1 0
6	518	22243	3115	212	4438	341	4066	31606	16	P: 0 5 9 8 0 1 2 6 5 6 7 4 2 4 3 1 0
