n_odds	isEulerian	listPairs	time_tmp	time_for	listPairsCombinationsBase	modifyGraph	hierholzer	total_time	total_distance	path
10	560	76354	2187817	41470	2250885	914	7216	2335929	25	P: 0 1 2 6 7 12 13 11 9 8 10 12 10 11 10 8 3 1 2 4 3 4 7 6 5 0
10	549	76076	7768881	42988	7834288	1065	7768	7919746	25	P: 0 1 2 6 7 12 13 11 9 8 10 11 10 12 7 4 3 8 3 1 2 4 7 6 5 0
10	582	76209	2812374	42964	2877463	1117	7098	2962469	25	P: 0 1 2 6 7 12 13 11 9 8 10 11 10 12 7 4 3 8 3 1 2 4 7 6 5 0
10	537	113879	584483	41568	654667	1553	9286	779922	25	P: 0 1 2 6 7 12 13 11 9 8 10 11 10 12 7 4 3 8 3 1 2 4 7 6 5 0
10	532	76393	1546483	41617	1609837	1254	7371	1695387	25	P: 0 1 2 6 7 12 13 11 9 8 10 11 10 12 7 4 3 8 3 1 2 4 7 6 5 0
10	558	78189	581670	41587	645478	1062	6819	732106	25	P: 0 1 2 6 7 12 13 11 9 8 10 11 10 12 7 4 3 8 3 1 2 4 7 6 5 0
10	576	74495	767872	42284	831840	1001	6888	914800	25	P: 0 1 2 6 7 12 13 11 9 8 10 12 10 11 10 8 3 1 2 4 3 4 7 6 5 0
10	562	74100	7183055	42034	7245945	1092	7345	7329044	25	P: 0 1 2 6 7 12 13 11 9 8 10 12 10 11 10 8 3 1 2 4 3 4 7 6 5 0
10	536	77078	7468131	44646	7547153	1553	10626	7636946	25	P: 0 1 2 6 7 12 13 11 9 8 10 12 10 11 10 8 3 1 2 4 3 4 7 6 5 0
10	524	73202	559665	41617	622594	1000	6661	703981	25	P: 0 1 2 6 7 12 13 11 9 8 10 11 10 12 7 4 3 8 3 1 2 4 7 6 5 0
10	557	76286	556325	42053	619541	937	6628	703949	25	P: 0 1 2 6 7 12 13 11 9 8 10 12 10 11 10 8 3 1 2 4 3 4 7 6 5 0
10	600	75891	12054856	42197	12117158	1074	5757	12200480	25	P: 0 1 2 6 7 12 13 11 9 8 10 11 10 12 7 4 3 8 3 1 2 4 7 6 5 0
10	554	77809	12338155	44188	12416087	1413	10832	12506695	25	P: 0 1 2 6 7 12 13 11 9 8 10 11 10 12 7 4 3 8 3 1 2 4 7 6 5 0
10	548	76140	6402744	43320	6468635	946	6955	6553224	25	P: 0 1 2 6 7 12 13 11 9 8 10 12 10 11 10 8 3 1 2 4 3 4 7 6 5 0
10	571	72654	7424047	40812	7484847	706	5978	7564756	25	P: 0 1 2 6 7 12 13 11 9 8 10 12 10 11 10 8 3 1 2 4 3 4 7 6 5 0
10	621	76732	536833	41451	598998	1068	6728	684147	25	P: 0 1 2 6 7 12 13 11 9 8 10 11 10 12 7 4 3 8 3 1 2 4 7 6 5 0
10	520	77205	7282571	43585	7348110	1134	7191	7434160	25	P: 0 1 2 6 7 12 13 11 9 8 10 11 10 12 7 4 3 8 3 1 2 4 7 6 5 0
10	579	101672	7170733	43031	7235370	1250	8078	7346949	25	P: 0 1 2 6 7 12 13 11 9 8 10 11 10 12 7 4 3 8 3 1 2 4 7 6 5 0
10	495	75285	12389580	41886	12451848	1094	5494	12534216	25	P: 0 1 2 6 7 12 13 11 9 8 10 11 10 12 7 4 3 8 3 1 2 4 7 6 5 0
10	662	75593	3093668	43167	3161216	1196	7792	3246459	25	P: 0 1 2 6 7 12 13 11 9 8 10 11 10 12 7 4 3 8 3 1 2 4 7 6 5 0
10	571	75738	10883256	43531	10949489	1114	8172	11035084	25	P: 0 1 2 6 7 12 13 11 9 8 10 11 10 12 7 4 3 8 3 1 2 4 7 6 5 0
10	521	75333	7354657	40687	7416884	1074	7727	7501539	25	P: 0 1 2 6 7 12 13 11 9 8 10 11 10 12 7 4 3 8 3 1 2 4 7 6 5 0
10	512	76468	7523466	43233	7599780	1467	15015	7693242	25	P: 0 1 2 6 7 12 13 11 9 8 10 11 10 12 7 4 3 8 3 1 2 4 7 6 5 0
10	522	95590	7186729	46718	7255543	927	5422	7358004	25	P: 0 1 2 6 7 12 13 11 9 8 10 11 10 12 7 4 3 8 3 1 2 4 7 6 5 0
10	845	118506	6220050	43628	6291976	1183	7521	6420031	25	P: 0 1 2 6 7 12 13 11 9 8 10 11 10 12 7 4 3 8 3 1 2 4 7 6 5 0
10	501	91589	653338	42783	728907	1485	10444	832926	25	P: 0 1 2 6 7 12 13 11 9 8 10 12 10 11 10 8 3 1 2 4 3 4 7 6 5 0
10	584	72048	6730700	42645	6794417	1031	7520	6875600	25	P: 0 1 2 6 7 12 13 11 9 8 10 11 10 12 7 4 3 8 3 1 2 4 7 6 5 0
10	588	76589	12063695	42203	12126624	929	6949	12211679	25	P: 0 1 2 6 7 12 13 11 9 8 10 12 10 11 10 8 3 1 2 4 3 4 7 6 5 0
10	612	77881	616942	43652	683761	1083	6771	770108	25	P: 0 1 2 6 7 12 13 11 9 8 10 11 10 12 7 4 3 8 3 1 2 4 7 6 5 0
10	528	71989	582624	44132	648224	1129	6525	728395	25	P: 0 1 2 6 7 12 13 11 9 8 10 11 10 12 7 4 3 8 3 1 2 4 7 6 5 0
10	625	76719	600398	43805	666671	1119	6526	751660	25	P: 0 1 2 6 7 12 13 11 9 8 10 12 10 11 10 8 3 1 2 4 3 4 7 6 5 0
10	577	77105	8596905	41645	8660178	1100	7586	8746546	25	P: 0 1 2 6 7 12 13 11 9 8 10 11 10 12 7 4 3 8 3 1 2 4 7 6 5 0
10	541	76106	6531859	43034	6596164	1056	7495	6681362	25	P: 0 1 2 6 7 12 13 11 9 8 10 11 10 12 7 4 3 8 3 1 2 4 7 6 5 0
10	567	77294	575133	44971	642366	975	6503	727705	25	P: 0 1 2 6 7 12 13 11 9 8 10 12 10 11 10 8 3 1 2 4 3 4 7 6 5 0
10	507	73874	3588819	41764	3650068	923	6110	3731482	25	P: 0 1 2 6 7 12 13 11 9 8 10 11 10 12 7 4 3 8 3 1 2 4 7 6 5 0
10	561	76297	2225474	42208	2288744	1101	7216	2373919	25	P: 0 1 2 6 7 12 13 11 9 8 10 11 10 12 7 4 3 8 3 1 2 4 7 6 5 0
10	611	75564	7396666	41382	7459681	986	7766	7544608	25	P: 0 1 2 6 7 12 13 11 9 8 10 12 10 11 10 8 3 1 2 4 3 4 7 6 5 0
10	558	75420	12094981	47521	12166229	1298	8049	12251554	25	P: 0 1 2 6 7 12 13 11 9 8 10 11 10 12 7 4 3 8 3 1 2 4 7 6 5 0
10	567	74597	7665178	44687	7743560	1387	10598	7830709	25	P: 0 1 2 6 7 12 13 11 9 8 10 11 10 12 7 4 3 8 3 1 2 4 7 6 5 0
10	539	76740	7348559	41567	7411461	948	6849	7496537	25	P: 0 1 2 6 7 12 13 11 9 8 10 12 10 11 10 8 3 1 2 4 3 4 7 6 5 0
10	529	76365	11923788	44249	11990512	985	6653	12075044	25	P: 0 1 2 6 7 12 13 11 9 8 10 12 10 11 10 8 3 1 2 4 3 4 7 6 5 0
10	518	76784	12080503	41749	12142279	919	6037	12226537	25	P: 0 1 2 6 7 12 13 11 9 8 10 11 10 12 7 4 3 8 3 1 2 4 7 6 5 0
10	519	76490	630754	42353	694065	977	6659	778710	25	P: 0 1 2 6 7 12 13 11 9 8 10 12 10 11 10 8 3 1 2 4 3 4 7 6 5 0
10	533	77197	3384462	43522	3462057	2028	10299	3552114	25	P: 0 1 2 6 7 12 13 11 9 8 10 12 10 11 10 8 3 1 2 4 3 4 7 6 5 0
10	571	74012	11999219	42179	12061582	873	5231	12142269	25	P: 0 1 2 6 7 12 13 11 9 8 10 11 10 12 7 4 3 8 3 1 2 4 7 6 5 0
10	797	118284	1727390	48526	1804772	1687	10228	1935768	25	P: 0 1 2 6 7 12 13 11 9 8 10 11 10 12 7 4 3 8 3 1 2 4 7 6 5 0
10	573	75679	7486613	42718	7551030	1134	7994	7636410	25	P: 0 1 2 6 7 12 13 11 9 8 10 11 10 12 7 4 3 8 3 1 2 4 7 6 5 0
10	639	73820	7252867	43959	7323433	1207	8065	7407164	25	P: 0 1 2 6 7 12 13 11 9 8 10 11 10 12 7 4 3 8 3 1 2 4 7 6 5 0
10	543	76300	7741461	41413	7804136	1328	7312	7889619	25	P: 0 1 2 6 7 12 13 11 9 8 10 11 10 12 7 4 3 8 3 1 2 4 7 6 5 0
10	566	78622	606846	42131	671094	1083	6660	758025	25	P: 0 1 2 6 7 12 13 11 9 8 10 11 10 12 7 4 3 8 3 1 2 4 7 6 5 0
