n_odds	isEulerian	listPairs	time_tmp	time_for	listPairsCombinationsBase	modifyGraph	hierholzer	total_time	total_distance	path
10	553	78228	380509	41121	442438	799	5138	527156	25	P: 0 1 2 6 7 12 13 11 9 8 10 11 10 12 7 4 3 8 3 1 2 4 7 6 5 0
10	583	77546	7127830	42433	7190327	787	5889	7275132	25	P: 0 1 2 6 7 12 13 11 9 8 10 11 10 12 7 4 3 8 3 1 2 4 7 6 5 0
10	634	86328	2721401	40119	2781189	747	5583	2874481	25	P: 0 1 2 6 7 12 13 11 9 8 10 12 10 11 10 8 3 1 2 4 3 4 7 6 5 0
10	491	75223	337670	41815	405456	718	5070	486958	25	P: 0 1 2 6 7 12 13 11 9 8 10 12 10 11 10 8 3 1 2 4 3 4 7 6 5 0
10	512	73592	6721681	41309	6782345	800	5216	6862465	25	P: 0 1 2 6 7 12 13 11 9 8 10 11 10 12 7 4 3 8 3 1 2 4 7 6 5 0
10	513	77417	11786656	41907	11849400	868	5310	11933508	25	P: 0 1 2 6 7 12 13 11 9 8 10 12 10 11 10 8 3 1 2 4 3 4 7 6 5 0
10	575	76321	1292195	40428	1353458	813	5673	1436840	25	P: 0 1 2 6 7 12 13 11 9 8 10 11 10 12 7 4 3 8 3 1 2 4 7 6 5 0
10	545	78016	12117061	41662	12180782	915	5193	12265451	25	P: 0 1 2 6 7 12 13 11 9 8 10 11 10 12 7 4 3 8 3 1 2 4 7 6 5 0
10	493	74637	958276	40814	1019116	798	5752	1100796	25	P: 0 1 2 6 7 12 13 11 9 8 10 11 10 12 7 4 3 8 3 1 2 4 7 6 5 0
10	477	73297	1380433	42184	1444351	1010	6275	1525410	25	P: 0 1 2 6 7 12 13 11 9 8 10 11 10 12 7 4 3 8 3 1 2 4 7 6 5 0
10	517	74678	324285	42629	391549	863	5298	472905	25	P: 0 1 2 6 7 12 13 11 9 8 10 11 10 12 7 4 3 8 3 1 2 4 7 6 5 0
10	557	76472	10610583	42359	10672335	812	5810	10755986	25	P: 0 1 2 6 7 12 13 11 9 8 10 11 10 12 7 4 3 8 3 1 2 4 7 6 5 0
10	550	76933	7236052	42868	7310739	1055	7114	7396391	25	P: 0 1 2 6 7 12 13 11 9 8 10 12 10 11 10 8 3 1 2 4 3 4 7 6 5 0
10	531	80454	4397516	40604	4456889	783	5169	4543826	25	P: 0 1 2 6 7 12 13 11 9 8 10 11 10 12 7 4 3 8 3 1 2 4 7 6 5 0
10	543	76952	321049	42631	388046	711	5082	471334	25	P: 0 1 2 6 7 12 13 11 9 8 10 12 10 11 10 8 3 1 2 4 3 4 7 6 5 0
10	558	75280	3039424	41686	3100863	919	5697	3183317	25	P: 0 1 2 6 7 12 13 11 9 8 10 11 10 12 7 4 3 8 3 1 2 4 7 6 5 0
10	547	78362	2995826	41189	3057358	869	5649	3142785	25	P: 0 1 2 6 7 12 13 11 9 8 10 11 10 12 7 4 3 8 3 1 2 4 7 6 5 0
10	567	75540	6888417	41708	6949205	683	5753	7031748	25	P: 0 1 2 6 7 12 13 11 9 8 10 12 10 11 10 8 3 1 2 4 3 4 7 6 5 0
10	516	76280	15256613	43973	15325098	740	5936	15408570	25	P: 0 1 2 6 7 12 13 11 9 8 10 12 10 11 10 8 3 1 2 4 3 4 7 6 5 0
10	575	78285	7013769	40764	7074097	883	5196	7159036	25	P: 0 1 2 6 7 12 13 11 9 8 10 11 10 12 7 4 3 8 3 1 2 4 7 6 5 0
10	544	74589	6798731	41162	6859087	666	5635	6940521	25	P: 0 1 2 6 7 12 13 11 9 8 10 12 10 11 10 8 3 1 2 4 3 4 7 6 5 0
10	602	73042	2943769	40898	3004128	745	5214	3083731	25	P: 0 1 2 6 7 12 13 11 9 8 10 12 10 11 10 8 3 1 2 4 3 4 7 6 5 0
10	624	93946	338962	40583	399458	789	5080	499897	25	P: 0 1 2 6 7 12 13 11 9 8 10 11 10 12 7 4 3 8 3 1 2 4 7 6 5 0
10	538	78488	7429686	42898	7496533	787	5836	7582182	25	P: 0 1 2 6 7 12 13 11 9 8 10 12 10 11 10 8 3 1 2 4 3 4 7 6 5 0
10	608	74308	11880670	42520	11943575	903	5176	12024570	25	P: 0 1 2 6 7 12 13 11 9 8 10 11 10 12 7 4 3 8 3 1 2 4 7 6 5 0
10	500	72131	329546	44398	397960	876	5335	476802	25	P: 0 1 2 6 7 12 13 11 9 8 10 11 10 12 7 4 3 8 3 1 2 4 7 6 5 0
10	511	71866	331723	42080	398409	878	5069	476733	25	P: 0 1 2 6 7 12 13 11 9 8 10 11 10 12 7 4 3 8 3 1 2 4 7 6 5 0
10	522	75248	11893773	42720	11962795	927	5183	12044675	25	P: 0 1 2 6 7 12 13 11 9 8 10 12 10 11 10 8 3 1 2 4 3 4 7 6 5 0
10	544	73885	758819	46240	832488	917	5336	913170	25	P: 0 1 2 6 7 12 13 11 9 8 10 12 10 11 10 8 3 1 2 4 3 4 7 6 5 0
10	586	115867	6961483	41163	7022517	879	5717	7145566	25	P: 0 1 2 6 7 12 13 11 9 8 10 11 10 12 7 4 3 8 3 1 2 4 7 6 5 0
10	576	73956	3374739	42208	3436183	909	5227	3516851	25	P: 0 1 2 6 7 12 13 11 9 8 10 11 10 12 7 4 3 8 3 1 2 4 7 6 5 0
10	558	73969	7141200	40946	7202753	878	5885	7284043	25	P: 0 1 2 6 7 12 13 11 9 8 10 11 10 12 7 4 3 8 3 1 2 4 7 6 5 0
10	632	145278	7159172	41725	7220073	840	5950	7372773	25	P: 0 1 2 6 7 12 13 11 9 8 10 11 10 12 7 4 3 8 3 1 2 4 7 6 5 0
10	556	75797	11981528	42260	12044180	734	5128	12126395	25	P: 0 1 2 6 7 12 13 11 9 8 10 12 10 11 10 8 3 1 2 4 3 4 7 6 5 0
10	549	74760	11861469	41922	11931760	989	7135	12015193	25	P: 0 1 2 6 7 12 13 11 9 8 10 12 10 11 10 8 3 1 2 4 3 4 7 6 5 0
10	470	73816	4304974	41571	4366988	738	5584	4447596	25	P: 0 1 2 6 7 12 13 11 9 8 10 12 10 11 10 8 3 1 2 4 3 4 7 6 5 0
10	533	72845	4493988	41612	4555310	906	5179	4634773	25	P: 0 1 2 6 7 12 13 11 9 8 10 11 10 12 7 4 3 8 3 1 2 4 7 6 5 0
10	523	72300	4001664	45309	4071529	765	5860	4150977	25	P: 0 1 2 6 7 12 13 11 9 8 10 11 10 12 7 4 3 8 3 1 2 4 7 6 5 0
10	587	76327	3092782	45598	3163923	765	5722	3247324	25	P: 0 1 2 6 7 12 13 11 9 8 10 12 10 11 10 8 3 1 2 4 3 4 7 6 5 0
10	501	74824	7648327	40978	7709698	829	5889	7791741	25	P: 0 1 2 6 7 12 13 11 9 8 10 12 10 11 10 8 3 1 2 4 3 4 7 6 5 0
10	555	75457	6876513	40491	6937467	795	5885	7020159	25	P: 0 1 2 6 7 12 13 11 9 8 10 11 10 12 7 4 3 8 3 1 2 4 7 6 5 0
10	539	75553	12001938	43497	12070957	1058	5191	12153298	25	P: 0 1 2 6 7 12 13 11 9 8 10 11 10 12 7 4 3 8 3 1 2 4 7 6 5 0
10	548	73384	2035588	42416	2097251	763	5650	2177596	25	P: 0 1 2 6 7 12 13 11 9 8 10 11 10 12 7 4 3 8 3 1 2 4 7 6 5 0
10	577	76669	6843776	41884	6905049	770	5983	6989048	25	P: 0 1 2 6 7 12 13 11 9 8 10 11 10 12 7 4 3 8 3 1 2 4 7 6 5 0
10	632	76579	7162525	41376	7224207	885	5576	7307879	25	P: 0 1 2 6 7 12 13 11 9 8 10 11 10 12 7 4 3 8 3 1 2 4 7 6 5 0
10	623	73841	11780675	40029	11841452	849	5924	11922689	25	P: 0 1 2 6 7 12 13 11 9 8 10 11 10 12 7 4 3 8 3 1 2 4 7 6 5 0
10	566	75382	11826244	41849	11886782	741	5923	11969394	25	P: 0 1 2 6 7 12 13 11 9 8 10 12 10 11 10 8 3 1 2 4 3 4 7 6 5 0
10	587	77205	7196441	41258	7257243	810	5962	7341807	25	P: 0 1 2 6 7 12 13 11 9 8 10 11 10 12 7 4 3 8 3 1 2 4 7 6 5 0
10	570	75146	11859378	42571	11925968	849	5158	12007691	25	P: 0 1 2 6 7 12 13 11 9 8 10 12 10 11 10 8 3 1 2 4 3 4 7 6 5 0
10	590	73495	2781536	44349	2850084	813	5723	2930705	25	P: 0 1 2 6 7 12 13 11 9 8 10 11 10 12 7 4 3 8 3 1 2 4 7 6 5 0
