n_odds	isEulerian	listPairs	time_tmp	time_for	listPairsCombinationsBase	modifyGraph	hierholzer	total_time	total_distance	path
20	702	454751	149746340738	2222458271	160309054959	6320	31717751	160341234483	44	P: 0 20 22 23 21 20 21 5 0 1 2 6 5 6 7 12 13 18 19 17 15 14 16 17 16 18 13 11 9 14 9 8 10 11 10 12 7 4 2 4 3 8 3 1 0
20	670	522220	141715875797	2225127976	152498229433	6564	48549489	152547308376	44	P: 0 20 22 23 21 20 21 5 0 1 2 6 5 6 7 12 13 18 19 17 15 14 16 17 16 18 13 11 9 14 9 8 10 11 10 12 7 4 2 4 3 8 3 1 0
20	646	471860	134675481908	2233541563	145165035482	6403	48337462	145213851853	44	P: 0 20 22 23 21 20 21 5 0 1 2 6 5 6 7 12 13 18 19 17 15 14 16 17 16 18 13 11 9 14 9 8 10 11 10 12 7 4 2 4 3 8 3 1 0
20	740	487129	133687523554	2239680242	144472902260	6806	48620707	144522017642	44	P: 0 20 22 23 21 20 21 5 0 1 2 6 5 6 7 12 13 18 19 17 15 14 16 17 16 18 13 11 9 14 9 8 10 11 10 12 7 4 2 4 3 8 3 1 0
20	813	469798	147905345144	2231627132	158712686886	5929	31709118	158744872544	44	P: 0 20 22 23 21 20 21 5 0 1 2 6 5 6 7 12 13 18 19 17 15 14 16 17 16 18 13 11 9 14 9 8 10 11 10 12 7 4 2 4 3 8 3 1 0
20	642	459296	144823332951	2237246247	155547843674	5771	31594663	155579904046	44	P: 0 20 22 23 21 20 21 5 0 1 2 6 5 6 7 12 13 18 19 17 15 14 16 17 16 18 13 11 9 14 9 8 10 11 10 12 7 4 2 4 3 8 3 1 0
20	809	499549	141297209937	2226716713	152034917484	6477	48870177	152084294496	44	P: 0 20 22 23 21 20 21 5 0 1 2 6 5 6 7 12 13 18 19 17 15 14 16 17 16 18 13 11 9 14 9 8 10 11 10 12 7 4 2 4 3 8 3 1 0
20	633	452311	146697082304	2237773587	157211981145	6549	48530041	157260970679	44	P: 0 20 22 23 21 20 21 5 0 1 2 6 5 6 7 12 13 18 19 17 15 14 16 17 16 18 13 11 9 14 9 8 10 11 10 12 7 4 2 4 3 8 3 1 0
20	606	456169	146889067371	2229179869	157411962406	6194	31773754	157444199129	44	P: 0 20 22 23 21 20 21 5 0 1 2 6 5 6 7 12 13 18 19 17 15 14 16 17 16 18 13 11 9 14 9 8 10 11 10 12 7 4 2 4 3 8 3 1 0
20	654	519262	148420104623	2232832816	158946018236	6517	48301477	158994846146	44	P: 0 20 22 23 21 20 21 5 0 1 2 6 5 6 7 12 13 18 19 17 15 14 16 17 16 18 13 11 9 14 9 8 10 11 10 12 7 4 2 4 3 8 3 1 0
20	657	450144	147933525959	2241100006	158472392253	6045	31843820	158504692919	44	P: 0 20 22 23 21 20 21 5 0 1 2 6 5 6 7 12 13 18 19 17 15 14 16 17 16 18 13 11 9 14 9 8 10 11 10 12 7 4 2 4 3 8 3 1 0
20	667	549658	137159314982	2225456356	147669704888	6632	49013140	147719274985	44	P: 0 20 22 23 21 20 21 5 0 1 2 6 5 6 7 12 13 18 19 17 15 14 16 17 16 18 13 11 9 14 9 8 10 11 10 12 7 4 2 4 3 8 3 1 0
20	692	475414	143677797945	2234227929	154395057570	5996	31159060	154426698732	44	P: 0 20 22 23 21 20 21 5 0 1 2 6 5 6 7 12 13 18 19 17 15 14 16 17 16 18 13 11 9 14 9 8 10 11 10 12 7 4 2 4 3 8 3 1 0
20	754	461613	136817083370	2222185542	147299609840	6673	48351407	147348430287	44	P: 0 20 22 23 21 20 21 5 0 1 2 6 5 6 7 12 13 18 19 17 15 14 16 17 16 18 13 11 9 14 9 8 10 11 10 12 7 4 2 4 3 8 3 1 0
20	623	452298	138248235437	2220907261	148821931640	6512	48197409	148870588482	44	P: 0 20 22 23 21 20 21 5 0 1 2 6 5 6 7 12 13 18 19 17 15 14 16 17 16 18 13 11 9 14 9 8 10 11 10 12 7 4 2 4 3 8 3 1 0
20	646	467634	147792526204	2242838193	158629562127	6393	32034049	158662070849	44	P: 0 20 22 23 21 20 21 5 0 1 2 6 5 6 7 12 13 18 19 17 15 14 16 17 16 18 13 11 9 14 9 8 10 11 10 12 7 4 2 4 3 8 3 1 0
20	658	530052	146302020442	2232637297	156959183508	6622	31714915	156991435755	44	P: 0 20 22 23 21 20 21 5 0 1 2 6 5 6 7 12 13 18 19 17 15 14 16 17 16 18 13 11 9 14 9 8 10 11 10 12 7 4 2 4 3 8 3 1 0
20	611	452341	148335210617	2225285936	158847471108	6438	31519458	158879449956	44	P: 0 20 22 23 21 20 21 5 0 1 2 6 5 6 7 12 13 18 19 17 15 14 16 17 16 18 13 11 9 14 9 8 10 11 10 12 7 4 2 4 3 8 3 1 0
20	602	460443	146089413648	2229604344	156608282943	6355	31393004	156640143347	44	P: 0 20 22 23 21 20 21 5 0 1 2 6 5 6 7 12 13 18 19 17 15 14 16 17 16 18 13 11 9 14 9 8 10 11 10 12 7 4 2 4 3 8 3 1 0
20	656	518370	145671287161	2232018528	156161612331	5712	31472997	156193610066	44	P: 0 20 22 23 21 20 21 5 0 1 2 6 5 6 7 12 13 18 19 17 15 14 16 17 16 18 13 11 9 14 9 8 10 11 10 12 7 4 2 4 3 8 3 1 0
20	664	463959	134104470278	2233578484	144592546929	6663	48738440	144641756655	44	P: 0 20 22 23 21 20 21 5 0 1 2 6 5 6 7 12 13 18 19 17 15 14 16 17 16 18 13 11 9 14 9 8 10 11 10 12 7 4 2 4 3 8 3 1 0
20	615	458423	136660414995	2224866636	147176225309	6071	49244294	147225934712	44	P: 0 20 22 23 21 20 21 5 0 1 2 6 5 6 7 12 13 18 19 17 15 14 16 17 16 18 13 11 9 14 9 8 10 11 10 12 7 4 2 4 3 8 3 1 0
20	687	468382	148162106239	2247287010	158945298884	6194	32189986	158977964133	44	P: 0 20 22 23 21 20 21 5 0 1 2 6 5 6 7 12 13 18 19 17 15 14 16 17 16 18 13 11 9 14 9 8 10 11 10 12 7 4 2 4 3 8 3 1 0
20	759	455929	147716538363	2232587702	158418756251	6268	31640593	158450859800	44	P: 0 20 22 23 21 20 21 5 0 1 2 6 5 6 7 12 13 18 19 17 15 14 16 17 16 18 13 11 9 14 9 8 10 11 10 12 7 4 2 4 3 8 3 1 0
20	635	455138	148328646420	2241940722	158877010079	6007	31993453	158909465312	44	P: 0 20 22 23 21 20 21 5 0 1 2 6 5 6 7 12 13 18 19 17 15 14 16 17 16 18 13 11 9 14 9 8 10 11 10 12 7 4 2 4 3 8 3 1 0
20	657	446803	133698074346	2235261903	144205876015	6908	48569387	144254899770	44	P: 0 20 22 23 21 20 21 5 0 1 2 6 5 6 7 12 13 18 19 17 15 14 16 17 16 18 13 11 9 14 9 8 10 11 10 12 7 4 2 4 3 8 3 1 0
20	637	454945	131591837472	2218536846	142082938072	6308	49067309	142132467271	44	P: 0 20 22 23 21 20 21 5 0 1 2 6 5 6 7 12 13 18 19 17 15 14 16 17 16 18 13 11 9 14 9 8 10 11 10 12 7 4 2 4 3 8 3 1 0
20	618	518093	144014462495	2235352986	154547051688	6481	31829358	154579406238	44	P: 0 20 22 23 21 20 21 5 0 1 2 6 5 6 7 12 13 18 19 17 15 14 16 17 16 18 13 11 9 14 9 8 10 11 10 12 7 4 2 4 3 8 3 1 0
20	665	529696	131904122938	2226864448	142509719951	6233	48487883	142558744428	44	P: 0 20 22 23 21 20 21 5 0 1 2 6 5 6 7 12 13 18 19 17 15 14 16 17 16 18 13 11 9 14 9 8 10 11 10 12 7 4 2 4 3 8 3 1 0
20	630	482189	142627161819	2221600991	153118487524	6271	47540631	153166517245	44	P: 0 20 22 23 21 20 21 5 0 1 2 6 5 6 7 12 13 18 19 17 15 14 16 17 16 18 13 11 9 14 9 8 10 11 10 12 7 4 2 4 3 8 3 1 0
20	646	462147	149071010558	2231159832	159766212848	5953	32230569	159798912163	44	P: 0 20 22 23 21 20 21 5 0 1 2 6 5 6 7 12 13 18 19 17 15 14 16 17 16 18 13 11 9 14 9 8 10 11 10 12 7 4 2 4 3 8 3 1 0
20	644	453505	133211483397	2231805788	143886592192	6646	47972228	143935025215	44	P: 0 20 22 23 21 20 21 5 0 1 2 6 5 6 7 12 13 18 19 17 15 14 16 17 16 18 13 11 9 14 9 8 10 11 10 12 7 4 2 4 3 8 3 1 0
20	639	456574	131830818652	2222426737	142325756533	6237	48406940	142374626923	44	P: 0 20 22 23 21 20 21 5 0 1 2 6 5 6 7 12 13 18 19 17 15 14 16 17 16 18 13 11 9 14 9 8 10 11 10 12 7 4 2 4 3 8 3 1 0
20	636	453419	132292570237	2226442480	142804482748	6788	47373814	142852317405	44	P: 0 20 22 23 21 20 21 5 0 1 2 6 5 6 7 12 13 18 19 17 15 14 16 17 16 18 13 11 9 14 9 8 10 11 10 12 7 4 2 4 3 8 3 1 0
20	631	458160	142162027252	2218031116	152628784526	5984	47882451	152677131752	44	P: 0 20 22 23 21 20 21 5 0 1 2 6 5 6 7 12 13 18 19 17 15 14 16 17 16 18 13 11 9 14 9 8 10 11 10 12 7 4 2 4 3 8 3 1 0
20	631	551223	131363636551	2219782081	141833463065	6767	48493066	141882514752	44	P: 0 20 22 23 21 20 21 5 0 1 2 6 5 6 7 12 13 18 19 17 15 14 16 17 16 18 13 11 9 14 9 8 10 11 10 12 7 4 2 4 3 8 3 1 0
20	666	459650	132381405831	2223805723	142880683084	6226	47950576	142929100202	44	P: 0 20 22 23 21 20 21 5 0 1 2 6 5 6 7 12 13 18 19 17 15 14 16 17 16 18 13 11 9 14 9 8 10 11 10 12 7 4 2 4 3 8 3 1 0
20	709	455099	131178427403	2231082348	141710993232	6512	47812003	141759267555	44	P: 0 20 22 23 21 20 21 5 0 1 2 6 5 6 7 12 13 18 19 17 15 14 16 17 16 18 13 11 9 14 9 8 10 11 10 12 7 4 2 4 3 8 3 1 0
20	652	475671	144810097551	2227704919	155323103094	6122	32379781	155355965320	44	P: 0 20 22 23 21 20 21 5 0 1 2 6 5 6 7 12 13 18 19 17 15 14 16 17 16 18 13 11 9 14 9 8 10 11 10 12 7 4 2 4 3 8 3 1 0
20	835	457453	146604911131	2221206852	157092162201	6231	31743007	157124369727	44	P: 0 20 22 23 21 20 21 5 0 1 2 6 5 6 7 12 13 18 19 17 15 14 16 17 16 18 13 11 9 14 9 8 10 11 10 12 7 4 2 4 3 8 3 1 0
20	781	451740	132151019698	2233902153	142689995575	6240	48186820	142738641156	44	P: 0 20 22 23 21 20 21 5 0 1 2 6 5 6 7 12 13 18 19 17 15 14 16 17 16 18 13 11 9 14 9 8 10 11 10 12 7 4 2 4 3 8 3 1 0
20	676	548179	134046737451	2234588227	144695925141	6390	48323239	144744803625	44	P: 0 20 22 23 21 20 21 5 0 1 2 6 5 6 7 12 13 18 19 17 15 14 16 17 16 18 13 11 9 14 9 8 10 11 10 12 7 4 2 4 3 8 3 1 0
20	611	525185	145497232378	2239059270	156013124463	6305	48608167	156062264731	44	P: 0 20 22 23 21 20 21 5 0 1 2 6 5 6 7 12 13 18 19 17 15 14 16 17 16 18 13 11 9 14 9 8 10 11 10 12 7 4 2 4 3 8 3 1 0
20	651	457997	131280077132	2226704840	141797371699	6304	48454247	141846290898	44	P: 0 20 22 23 21 20 21 5 0 1 2 6 5 6 7 12 13 18 19 17 15 14 16 17 16 18 13 11 9 14 9 8 10 11 10 12 7 4 2 4 3 8 3 1 0
20	747	518576	142063102715	2227391018	152555511309	5972	31454954	152587491558	44	P: 0 20 22 23 21 20 21 5 0 1 2 6 5 6 7 12 13 18 19 17 15 14 16 17 16 18 13 11 9 14 9 8 10 11 10 12 7 4 2 4 3 8 3 1 0
20	637	454449	144667096429	2225131048	155170151963	5781	31277683	155201890513	44	P: 0 20 22 23 21 20 21 5 0 1 2 6 5 6 7 12 13 18 19 17 15 14 16 17 16 18 13 11 9 14 9 8 10 11 10 12 7 4 2 4 3 8 3 1 0
20	648	536336	145428360260	2226642386	155951630700	6058	31912388	155984086130	44	P: 0 20 22 23 21 20 21 5 0 1 2 6 5 6 7 12 13 18 19 17 15 14 16 17 16 18 13 11 9 14 9 8 10 11 10 12 7 4 2 4 3 8 3 1 0
20	699	488867	130450199402	2235929667	141107408013	6424	48391798	141156295801	44	P: 0 20 22 23 21 20 21 5 0 1 2 6 5 6 7 12 13 18 19 17 15 14 16 17 16 18 13 11 9 14 9 8 10 11 10 12 7 4 2 4 3 8 3 1 0
20	680	487783	130696833781	2229482056	141347431402	6188	48774919	141396700972	44	P: 0 20 22 23 21 20 21 5 0 1 2 6 5 6 7 12 13 18 19 17 15 14 16 17 16 18 13 11 9 14 9 8 10 11 10 12 7 4 2 4 3 8 3 1 0
20	633	532603	130405012980	2227220390	141027948054	6795	47455131	141075943216	44	P: 0 20 22 23 21 20 21 5 0 1 2 6 5 6 7 12 13 18 19 17 15 14 16 17 16 18 13 11 9 14 9 8 10 11 10 12 7 4 2 4 3 8 3 1 0
